⁴25} 1111111111111111 111111111111111 ,,,,,,,,
11Π1,3,11,11, 11111 111, 111 111, 11
11111111 111111111111111111111111μ,,,

,111 ,1111 111111ῗ1,11111111111,111,111,11,*,,1,,,,,1ᾗ
’1111111 1111111111 11111111 1111111111111111111111111111

huius ,111111111111111111 ,1111111111
1111111111111111 011111111111111 11111
16,311111,11111111111111111111

1111111111111111111 1811111111,
114,3,111“,321111.11111111 11 1111 ,11111111, ,11111111 1,,,1 ,,,-,,,,, ,Μ ,131 21?sser

¹ ,0111111111111 111111111111111111 111 1111111 1111 111 1111111111 ,111
,11111011111111111111111111111111111111 11111111 111 111 11111111 111111, ww}
111111111111111

3,11111111111111111111111111111111,11111,11 11 ,

111111111111111111111111111 111 11 11 ,11111 111,
11111111111111111111111111111111111 1111 ,1111111111 11· 11111,

1111111111,1ο,11111 1111111 11 1111 11111 111111

S} 1111111 ,11 1111111, 111111
(1111111111 1 11111,

1111111111111111111111111111111111111 f ,11 1111111, 111111111,1,,,,’,,,,,,
evolvatur, 111 1111111111 11111111 ,1111111111ἑίε

111111“».11111111”11 1111, , 1111,

1111111111111111111111 1111111111 ,1
01111111111111111 1111 111111 1111111 ,111 ,11111111

111111 11111111111111111111

111111111111 1111111111] 11111111111111,111111111111111111
,11111111111,11 11111111,

1111111111111111,)111111111111111111111111,11111,111111 111 ,111111 11111
,111111111111111111111111111111111111 1,,,111111111111111111
111,,1111111111111,11111111111 i} ,111111 1111111111111111,

1) M. 11111111, 11111111 emm} 11

21111. 1. 1111111111111, 111111111111111111111111
1111111111,,1.1111 1, 11,

3) 111 ,1111111111 1111111111111111111111 1111
1111111111, 11111111 21111111 11111111111111 ,111

 

