3313 1111011111 1111111111 1111 1111111111111111111 ,,,,

(11 111111111-(1111111 111111,

13 ῃ
3111111 3311313311
13 1

Dum 3113133331113131101111113331111113113111111111313132} ,
111111111311111 1131 11011 1D3113'113111313 1111111111 (111111),
1111111111131011111111111111111111111111111111111111111( 33'31313313
11111111’(11,111111111(1111111111,(1(ιι1(((ι,(( 1133 111313313 1⁴ 3 ,,,,, ,,,
ffisjduum 31331331133 33311311113313133131131111 11111111-111111 3311111331311333333133111
omnes 11311113 113111113103 1111, (11111 (11. 111 (ε’-μὶ( 11 111113111 111113311
sieque1111330313331111111111131113111111133311111111111123331313113111111111 (1,,(1-(1 ,,,,,,

13131111111311111,30113113311133111133 3111 (111, 33311111 11311111111111 3111111111113113

1111111131111111131111111133133333131 ,11111111111,111111111111111(11(1,,1Η,((,,,,(
(1111(11111111111111111 13111111113111131113311 1111 (,,ηι·1·ι((( 1111113
101113111311111111331' 13011111111 33¹1 11311311 13 ,11111111 1311311111 33131113 ³³31111111

1

3111103 q1111131113111111111111311311313111113131

111
1111

1111111111 113 131

33 3333] 331113 03311111 (111( 131 1111111111( 1311111 1131133111113
(1111 q1111311011 11133113111111111113111113 31111111133 31 ((1111 (11111111, 3313111
,1101111111111111111111101111111,11111 D 1111311 1131113113111 11111111111 113311333313 ,1,
(33130111311 113131111111113313 33

11111111111111111 ⁴²
111. 3311131111311111111111211 31111311 11331313111113111133111111111
1111101111( 313111 3113 q1113133 (11111111 1111113 31113111113 11311 11111(
,(111 ,1 (11111 111111( 333g31311 11111113 11131111313 133'111313 ³ 3133 131113 3113311 3111.
31331 ³3⁶⁶<31 ,1,1, 11111 ,11111111 ,(11 ((1. 133133311111 31313313 1131311333133
1133> 1333 ,(111, 11113111,11 1,(

1311 11111 1

93. (51· 1111111111 ,1111111111 11113113 3111 1113 .
1333111, 11113311113131131211131111131111111311313113131313313311 (1111( 113 ,(111

3333 “1113113‘333133
8111111·1··1-·11-11111111111, ,1111111111 3113111331331133313
1111331111131111111111111131 333133133113 3131 ³3³ 1311113133331133

&1113 „3133
2331 ¹33 (111(

 

