173-174] 1111110111 1111111 1111111111

Ἣ,2111

11111011111111 51

’ 011111 1111111111 1111111 11111111111111 1111111 111111· 111 - 3511 11111 111 2111 5
111 1 1111111111 1111111111 1111111111

1401111α 1, 1101114 9, 14011159, ·
1401 35 29, 14011 4 19, 14011 4- 31,
140111 *r 13, 14011 123, 140114 31,

1111, 1111, 1111ζ

1111111111 11
0111111 1111111111 111111111111111111 111111 1111111 111- 3010 111111 1112 1113
1111) 111 111111 1111111111 1111111111
1201111, 12011113, 12011149,
11111111 1Η1
¹ 12072727317, 120723519.

⁸ ,11110111111111 59

011111 1111111111 1111111 1111111111 1111111 11111111 1140511 11111112 1113
11111111 1 1111111111111111 111 11111111
11111 1111111111 11 1111

4201111 1, 420111 13, 27szss 1,
4201111109, 4201111 91, 210111 :lt 13, ’
1201111ω 23, 12011 ss 121, 210111 23, ,
4201111101, 41011ᾒ131, 21011 ss 41,
1101111109, 1120111151, 210111 53,
420111 119, 120111-1 13, 21011- 59,
42011101, 42011 ;1;“53, 2101 ss 13,
4201141111, 42011 ss 131, 21014 19,
11111111 1111
11111111 1111

420111 41, 11111111, 21014101,

1111,1111, ,11111«

 

