EXEMPLUM 7

66, 1111ππ77611π661111π1371711-136166616116161611611116
(16. 17)(21166 767,ἱππ 11 “ „ v

77727 7 1,

1Πὶ 847 532 7 1111161611 61111111111111111611
³³7 42 4 6111611161
277 112 161

6161 66 66 6111111111111
6...ιὶ 666 66 1111111611.
16611 111111 111111 ’

EXEMPLUM 8

‘3³¹- 22 ἱ 661ἱὶ51 (16621 6111 11πὲ11617 61 1611116116 resolvenda

111 ἡ.) (11111102019111111111161111111111111
, f .. 1111 1611116111 111 forma 811 73¹
111111111111111016111111111611121 1116711

1611111111, 1111111611 amicabiles 111111
6111 6111111

6111111111
11161 [1116161111.
1111611611

’11111111 11111111 11111111161111161 1111611111 111 1611161616 1111116111-
11111, 111111

611111 11111 11111111
1. 11111 11111111 ’ 1111111

1, 61111111 ,611111111111 [1111111111
V· 1111111 ’1111111111 ’ 1661116111

 

