44 11111111111111111 [OUOR 1111111111111111111111111111111111111111111 11111...1111

11111011

. 11111111101111111111 11111111 [111-111111111111111111 111111.»1111».11(1(11
11

1
οπ111111111111111111111 11111111 111
pari. 11110111111111111..1111111111111111·1111
R=244Ricm44 (11111111111110111111111111111111111
¹ 1111111111111111111,1111

1111
11111111 111*111 1111111 11111
1111 111

1111

11111111111111»11 11 111 111 11111.
01111.

OORORRRRRRR R

0111101111111111111111111111111 111111111111111111 1101111111. 11111
quadratum deRR 0110 11111111011111111111111, Ri (111111111111111111111111011111111 1111111
11011111 1111110111 11111111

111111111111111111 ii
. 1111111 110110 110101111101111111111 111111 11110111 1111111111 11111111111111
1111010111,01111111111111111111111111111 11111 111111

0010111111111111

1111111111».11-11, 111111111111111011111111,11,11 1111111111 11111 R 1111111111
RRRRR 11111011111111111111011 1111111111 111111 111 1111 1111111 11111111
1011111111 011111151111111110 1111111 1111 11111 1111111111 11111111 1111 1111111111·
per R Hoc 11110 01111 1111111111 1111 1111111111 1111111111111111111111111111
ergo Rei 44 -44 101 44444 1111 R divisibile RRRR

111110111111111 ”

3011011101111111111101110011111111111111 11011. 111011 111111

1111111111 1111 111.
11111111 1111101110 11111 evanescat·

RRRORRRRRRRO

Ι11111001ο111111111011110111111110111111111101, RRRRRRRRRRRRRR R 111111 1111111
1110111 1111111 quadratum, 4444va RR 111111 magnii 1111111111 111111
· 11000011101111011101101101100011111101111111111111111111111111111

 

