DEOOUVERTE D'UNE LOI TOUT EXTRAORDINAIRE Ἴ
1)]18 1101111111 1666611661 Α LA 1011111
DE 11011011111101111

0616166616116 175 161161611661666111611
’111116111666 1666111616 8, 1751, p. 10-31

1. 1661161166161161666 661 166111 ι16666161 66 1616 61166611116661666
61116 16661661661666166 166 66611166 616161616, 61 66 61166 16 616116 666
6’661 66 16661116 666661 1666111 11661616 66 6661611 1616616 61611161. Ρ661
666 6661616616, 66 61 6611 j 1161 166 66611 661 166 161166 166 66161166 616-
1111616, 666 66616666666 66 6661 16661 16 66166 16 6661161161 661611 16 6661
161116 61 66 6166666116 161611 6616616666 aucun 61116 61 11616. 06116
611666616666 661 1661661 6166 66161666616, 6661111116611666 66661661611
166 166166 66166, 6611666666 1666661166 66 661 6611611666611666116616-
61666166 16 666 66161166 66661 1616 6666 66616116, 6666 66611661 nous y
16166611616616116 1661666 16 6661666 61116, 1616661616 6666116166 1161661
16 66 161, 1661616 11666 16 11666111166616116111166116661611 166 66161666
166 1111666116 166 66161166 66161616, 661, 66 61616161 6666 16611, 6616166661
66661 111166116166 666 16 61661666166 166 66161166 6161111616, 61661 6666111661
166166 6111616661 celle-ci. 06116 11616, 666 je 161 expliquer, 661 6 1666 6116

1) 06 16166116 6 111 &galement 661111, comme „inedissum‘g d’aprbs 66 1666666111 161166111616
1613611111 1666166 Gom-montanam 6111661666 2, 1819, 6. 619, 61 6166116 1616 166 Opera 6661666 1,
1862, p. 76, 166 11116616, Ρ, H. 61 N. 11166, 6166661 666 66 connaissance 161666111661166 6111116616,
16116 dans 16 8111611666 1666111616. 01 06666661. 611116, Prooemium, p. XVIII, No. 17, 86661.
Prooem.² No. 1, 61 1. Π, 6. V1113 61 66116 Ρ. 1116166 unc] W* 166616, Der Brieswechsel 66166166
0. G. 1, 116611 661 Ρ. H. 16111166 1161 116 1166666616 der 116116166111661161666, Leipzig 1908,
6, 59 6183. 11 1661 1616616661 666 16 16116 16 16 111116111666 1666111616 111116 611 plusieurs
points 16 66161166 06611661 6111161. 61 166 Op, 6661. Nous 61616 1661611111 16116161616661 1666 66116
111116616161161616Β1111ο1111666 1666111616. 11611 aussi 1e 1111166116 213 16 66 1616166. F. 11,

Lamnum 116166 Opera 61111611 0666661616666 61111661666 11

 

