115-4135 1111011 115115 011111511111511111111511501151551011511111101155 57

‘ww—RQ

44444 51155111 444444 5550 4444141144 111 11101515155101511511111151-11,111)
4444144 4444 155 <555-555555515115555515511,515555505155511151511=11-11111‚
4444144444444111442 55115115115555115,5551551551111555. 1550155155515115555

5551g515,513-5-11551151==5 1,qua11115551511511055151511111·

14-444-11344314,
(44444444 55515511155151555151111 4414444441444144444 555511515111555511151 5115=1135551
5555155 5551111151'115515515555 1114 44414444 41444 55551111115555115 555

5151511155 4414414 1511111111'111115511111111555551111511115155511531110511111155511555-

551555 5555 1144-3 15551155111511 5515501515 555555553, 101 1515 015555
5155511551151511151151115151

511 444 444 51 5551 5111 4111414 5551 3; 11555555 5115 4141444411111111444144-
50155 1151 51115551555, 441114 111 51551 55 2431443141 15551555111 1414144444

...4444444 4 4144444

4444144424 ‘1151 V 1 2115— 34444
4 1444444 ’ u'5:111111--31111

1151 1444114414 55111511155111111111'51 44441 144144 155, 411414 1115 411444411144144444 1444444414.
511 51g51 111 44444 1444444411 414114 115 5115 44142 3444424 111111 {nm} 234444
55 44112 ‘111 ’1 44112 1111 -34444 4114444344 4444444414 4144444

5555 11555151 41444444 5515 4444442 3151 44444441 (4444414414 444444 1111 44411444 111- «444,

1414444444 4411444444-2114111 4144444

1 ,4 211535 511-:511111

1111 11 1³5
551551155 44444 55555 14444 5111151115111155351153111151111)² 444444 4444441444 41441114 555
110505551155115111111]11151 15555 15150115115111115555 5055555. 1111111
44444111444441 15511511,1=iin11,1151555515n -3141144142-12111 ’441 ,444414 5115 441 432114
4441211 1555115 111551111115-—51 51555115515 5555] 4444444111 ’1444444144

42444411444444444 4441144241 444414 11414- 1 311sz 555 4244414144
4144444

1 ==1..2⁷1221115115:111.
44 11 344444

(1444144144 44444 5150115351'55(155313511-1151-33- 1444441444 442421
55 442 34244, 441142541441 442 «1111444444 1444444414 4414111444 144444
14443112 31444444), 4444411444444444144441114 4111 priori 143112 3144444.

1144444444 355551 01115111151 1111115105551 5515 5:11111151115 5

 

