113 3131'113133'3 33111331333331113

11333313311331

9,,999

»δβιῐ
A w Α

Unde 1303130313333 3133 131311113133v 331113133 99 3²

333331 {33333311‘33
, F, 31311
3331 33 3 3 31

3131131131313 1

99 9999999 9999 999999 9999999199] 999999 9999 9999 999, 3333 23 99, 9 99999
9999999999 99999999 999999» 3331'1111 y 333133313 333 999999 9999 331 3333 3333133333

331133113

33331331311113111311113113333131 1113 3333111 {1133 ⁷³
3333& ν Ῐ9999

13 13111113131313133 1 ›313333313331133

{3 ,311

(3313313133’13113s3 9999 999 '³33 3312 11

33

311333 9999 1110113133133331133133

(13 333233 3333 3 33
991 ob‘vdm fa 3333* „3133ss

9-9( 33 1313
13 pro 9 33331131110 9991999

(··9)(99·)(9·9] 9 999999 33 999

 

