111111111111111111111 1111111 1111111111 , 1-111,,,,,11

111110111111111, 111

111. 81111 11111111 111111 11111111 11,11 11,,1 11 1111 11111111 11111111 1111111111111111111111111
111111111111111111111111111111111 1111111111111111111111111111111111111111111
1111111111111111111111111111111111111111111111111111111111111,111111111·1.111111111111

18

1111
W} 11
1111·111111111111111111111111111111111111111111, 1111111111111111111.11111.·111111111·1111’1111’11,1’1111,1

111

1
1111
1

11111108811111111111

1111111111 1111111111111111111111111111111111111 111111111111111111111111111111111
,11111

-τ-1111111-11,(111111111111111111111111111 1111111111111111111111111,
111111110111111111111111111111111111111111 111111111811111, 11111111 1111111

1111111111111111111111111111 1111111111 11·- 111111 11111111 1111111 11111111111111111111.

(1011111111 1111111 1111

811. 8111 1111111 11111111111111111111 11111 1111111111. 1111111111 11111111 1111111111 1111111 11111
111 serie 1111111110111111 (1111111111, 1111111111 11111111 111111111111111 11111111111111111111111111111
11181111111111 81111011111111111111111111 11111 11111111 111 11111111 111111 11111
=1‚ (111111111111111111111111111111111111111 11111 1111111111 1111111111111111111

1111111111] ,, atque 1111111111 1111111111 11111 111111 11 1111111111

00110111111111111 2

881111811111111111111111111111111111111111111111111111111111 111111111111111
1111111111111111111 1111111111111111111111111111111111 111111111111111111 111111111111111
1111011111111111111,11111111111Η11111111111111111111111111111111111111111111111111111111

1

11111
’ 111111111111111101111111111111111111111111.111111 111 1111111111111 11111111
horum 1111111 per 1111111111 [11111111 1111

1111
111

11011011111111111111 11

82 111 1111118111111111 11111111111111111111 111-1111111 111111111 11111 1111111 1111111111
1111111,111111111111111111111111111111111111111111111111 11,11111111111111111111111111
111111111111111111111111111111111111, 11111111111111111 (1111111111111111111111 11111111111111111111
11111111111111111111111111111,1111111111111111111111111111111111111111111111111111.

 

