15-17] PAR RAPPOR‘P A LA SOMME DE LEURS DIVISEURS 245

..m-mm*

11111 1111, 1111 qu'on 111111 11111 111 11111111 11111111. 11 11111111 111111
1111 y 1111 beaucoup 1111 1111111111111 que 11111111 11111111111111111.

5. 11111111111, j'ai remarqu&¹) que 11111 1111111111 1111 111 111 1111
111111 11 1111111 111 111111 1111111111 1111 111111 111 111111111111 que 111
[1111111111 11111111111111111111, 11 11111111111111 11111111 former 1111111
11111 1111111 11111111111111 111 1111111111, 1111111 111 11811 1111111111. ¹
(111 11 fn 1111111 111 111111 1111111111 11 11111 1111111111 1111111111, 11
stow-1), ssva-2), [(1-3), [(1-1), s (1-5), 111. 111 1111111 1111111111,
’11 dis 1111111111111 1 11111111111 1111111111 111 quelques-uns [111 111-
1111111 1111111 11111 formula: ’

111111)11111-1-11-1-,1 -1 111411) 111111)
*1111111111 1411111)1111111111-*11-1( -11
, 11111)1111-11)-](1-11)..-[(1-111) ,ι 111.

Dans 11111 11111111, 11 y 1 111111111111

I. 1111111111111111111111111111 † 11 -·-, 1111111 11111111 11111111
111111111111 11 11111.

11. 11111111111111111 11111111 1, 2,.1, 7, 12, 15, 111. 11111111111111- ¹
1111111111 1111111111 du 1111111 propos& 1, 1111111111 11111111, 1111111111
11111 1111111111

1111, 1, 1, 1, 1, 3, 7, 4, 1, 1, 11, 1, 11, 1, 11, 1, 111.

0111111111111111111, 1111111111111 11111111 11111111 1, 2, 3, 111, 1, 111.
11111 11111111 11111111 3, 5, 7, 11, 11, 111, 1111 1111111111 1111111111111111
11 111 11111111 1111111111 1111111111. v

HI. 11111111 11111 11111 1111111111111, 11 1111 1111 prendre, 1111 chaque =
111, que 111 1111111 depuis 11 111111111111111111111111111111 1111111 signe
111 111111 1111111, 11 1111111111 ceux qui 1111111111 111 11111111 1111111.

IV. 111 1111111111 111111 so 11 111111111111111111 11111111, comme
111111111111111111111111 11 1111111111, 111111, dans chaque 111, au 1111
11 s 0, 1111111 11 nombre 111111 propos&⁸ ¹

1) Voir 11 111111 11111111 1111111111 11111 p. 242. F, 11,

 

