11111111111111111111111111111111111111111111111111111111 [4441

111 11111111111111111111 11111111111111111111111111111111111111111111111111111

1199911152

1111111. 494 41194- 11. 11111. 9 mm. ³114

111111 ergo 1111 - 1945431941 11 111111111111 414 111 4444:

1 1
4 Ῑ·1111·” 44:255354554 89ὟὟ Η) 11141111ἱ 141111*

ww >241
11, 11111. „ 11111 m 233 ’1111811 m 12) 11991’999”9“9“9” 91999991.
44444411144
10. 414 123 11 1141 111 1111111111 1111111111111 1111111111
111111, 1111111, 111,
qui 1111 1 1111111 1111 1111111111 1111111111 11111 11111111111111

11ω21), 1111, 111,
1111111111
1111111111 4 3³5³, 111111, 111

1111111 11111111111111111111111111 1111

1111· 31414441 11111111Ξ4Ῐ19ῗ94991 111 1111111, ‚5

11111111 1111 π149ἒ1491914, 111111111111111111111 1111 1111111111
19999999 9999991911 9199111111 111 11 9111 1911 1111111111 9991111111
111111 ” 11111111 ὟὟ,.1·1111)’
11

8141185· 111 11-4141 41=41=41 1 4011 19
1111.)

1144- 4444· 1
111111 111111 521

1111111 1111

11. 1111111111 11 11111 1111111111 1111111111-1111 111111 11111 1111111·
qui 1111111111 hos 1111111

 

