1111111011111111111111111111011111111101111111111111 55
mmm-„m

555555555 5

111111117Ηώ7 1111111111111111111111ν111, 11111111111111111117111111
2111171777 211711 1111111111 1111111111111 11171111 11111111.

555055555510

Ρ1111111111111 1111111111 propositam 1711117 5555 1111111111 1111111111 1111111111 ¹
511711111111111117177ι-22111111171111177111111111 ’MC (1111111111 1411117
11111111111111111111111111111, 111111 11111117,- 1111121111 1117111111- 11171 (1111111111111 5555
111111 11111111 11111 111 1117 111-1111 1111111111 2111111171 1141 1111
211111711--21711 11111111111111111111111111111111111111111111111111111111,1111111111-
11111 1111111111 111111 111111111111111111111111111111111 1111 11111111111111111111 555.

505555551555 1

111111 11111 11 11111 111111111111111 1111111111111111111111111111 2171117-21111711

11111111 1111111111 2117111111 1111 1173171, unde 11111111111111 11111111 11111111

1717--1-7,1 (11111111111111111111111111111111111711111111117-1111111111111417

1111171117. 153 1111111 111111 1111111111 1111111111 1111111111 111111 expressionem

2171177111111171171111111111111111111111111101111.

OOROLLARIUM 2

[711111111111111111111111211117172117117 2111117π-η1111111111----1;
1111111111 11111 111 11111111 11717 η1111β11, 111 (11111111111111177- 1111711111111111111111
11111 11111111 1111111 111 111111 217117 111 11171 1111111111 11111 5555 111111 11111111.

1111111111111 1

55 53335 1171111177 111111111111111 5555 1111111111, 111111 11111 11111 formula
21111714--217117
333335355

quadratum 5555 11111111, 111111 1111111111 11 1111111111 praecedentibus 1111111111
1111111111 21111111 1.

1111 1111

 

