44 1111111 11111111 4144441144 14444444, 44444 31141133333 111111111111111111 11.

141

41 1411114

111111111111111114111111111111 41111 1111111111 1111 1111111111
11111111 1111111111 1131· 3313 111 111111 1111

41111 1101111, 1111111111 11111111111111111111114111111111 4

34je
111111 ,111111 1111111111 111111111111141 1111411
1111 11111 1111 1111111111111) 11111111

1111111 11111 1111111

1111114111 141111’411111111111111111111114
34¹ 11111 11111

11141 11114 333 11111111

1111111111111111

4411 1111411111 4111111111 311 1111141111 3 41111 13133144

33 11111411111111111111111111111 1111114111
1111111 1111111 11111 111114

111 4-433 -3133 [111

311133131344111111131331133
343331314131 1111411411
1411441111111411,4’111111111111111

44114404 4114111 3333

40111111 1111011111 11 1111111111 11111111 1111 33⁸3 1111 ,11114 111111
1114101141ῌ111114141111111411111111,411111414111141 111 111111 1114111111

1111 11011111 11111111141111111111111111111111 11111·ιλ 11 1111111111 1111· 414111111111111111111111
11111 priorem 11111111.

110111111111111 3

sequitur 4111111 111 41111 3 4111414 ³)
1111111111 33

quod 11111 11111111

11111411 11111111 1111111111 1111111 1111111 1111111
,1141411111111111111111411111141111 1111111111

333333331331 3

1111411111 11111 1111111 1111111111 ’11111 11111 11111 3 1114 1 1133 33 4111114111 11111
producerent 2111111111) 11111 1141111111 1411114111 4111114111411111111111111

111111111111111111141111111111101111111,1111111111,Ξὲ 111111111111141111

41111111114111111111101111141111111011111111411111111111111114111114411
1111 4111111 111111 30101113 111112

ΤΗΕΟΙ 41444114 3
11111111111111111111 331 1111111111 13 3⁴34*

444 3333 3333 1111111111, 31'31'
3411111κο 111 3 111

 

