...ow-‚ww ,
mmm..

155 01111111101111111111111111111111 1111 (11111111111011111 1111 ,111

1111111111, (1111111111 1011111111111111111111 1111111110

1
111ῑῑ1111ῑ11111ς411...111111

11 1101111111111111 1111111ηπ111111111111111110111111111111111 1111111111 1111111 1111111 11111111 111111111
prodire 111110 5555

5 1· 11111 1 111111111111111 1 ,1111 1· 5555.

110111111111111111011111111111111111101111111111111111111111111111111111111111111111
1101111111, [110111111111101111111111111111111111111111 1111111111111111111111111110
55 555 5555 55555555

1, 5, 5, 5, 5, 11,,,,11;

1101111111θο 01111111111111111111111111111111 11111111 1111111111111 1.’11111 11111
111100111110110111111111111111111111111111 555 111111, 1111111110

011111111111101110111111111·111111011111,1 (1111111111111111111111111111111111111111111
55- 11)1010111101111111011111111111111 11111,).,,11 55
55 (1111111111, 111101 1111111 1111111111 111111( 1111111111 55 11111111 11111111. ’111111 11111
1111111111, 1110111111 111150 11111· 7111111( 55 1111111 1101, 111111 111111 11(,11 111101.
1111111 11101111 55555555 50 28 11111... >5 555 11111111 1111 111111111111111 1111
11111111) 11111111111,2,1,111,5,6,,7 1111111111 11111111111111

111111 (11111111111111011011
5555 555555555 0111111 1101111111

29 111111111111111110111111111,1,11111111111111,111111111111
1111111111,1,0,1101(11110111110111111111101111111111111111,111,πῖ,1111111111111111111
5555155555555, 011010111111, 1111111111111111111 11111111111111111111111 ⁶5
111111111111111 1111111111 1111111111 1111111111-11 111 5555 1111 1111111
1111010111111113111-ἓ111111111111111111η1ς1111111111111111111»11111 111

1111111111111111

π1-«91111111Ἢ111111111111111,111111

1) 11111110 1111101111 111111111111211111111 11111111 5. 5.

 

