111 ¹ 11111111111111 1111111111111111 111 11111111111111111 111

ωψ-«ηψωω 0·

, ubi 111 1111111111 11111111 11 1111111111 1111111111, (111111111111111111111111111111111111

ε

hac 1111111 Q& 111 111 111 11111111111111111111, 1111111111 1111111 11, 1111111

31111

111111 11 Γ, 11111111111111 11111111 *13 11 11111111 11111 1111111111 11111, 111111
91111

potestates ΝΜ 11111111111111111111111 11.

81. 1111111111 1111111 1111111111 111111 11111111 1111111111, 1111111 11111111 11
1111111111 11111111 1111111111
1

ww, 11, „n ,ιε ,ων-«1111 ι 1 11

„ww-mwmm-m-„mm mm« μ “⁴¹³

11111111· 111111 [Hm ἔ- 11111 11111111. ²
111111111111111111111 111111 1111111111
11111 12112181131111141811111111611111118111111 11111,
quippe 11111 per 11111111 superiorem

1 ..... 11 11191 H 1 H 11111 11115 1 1112 1 1111 111.

›ww-*mm .

1111111111 1111111 O. 1111111111 1111111111111111111111 sanationum 11111111111111 11 1111111111
1111111111 111111 11111111111111111101111, 1111111111 1, 18111 111 1). H ,11111 11111 11111111 1111111111
’ ,1111111111111111111 111111011111111111 noch 1111111111, 11111111 1

111111 11111111111111111111111 111111111111. 11111111
11111111111111111111 111111, deren 11111111111111
auf (11111 11111111 111 durch 1111111111 11111111 11

Die 1111111111 91111111 111 1111 1111111111 11111 11111 1111111111, 1111111 111111111111111111111 ’11111111111111
1111111111, was 1111 in 111111111111111111111 1111111111 111111...;“ 1111 H. 1111111111 1111111111111111,
1111 11111111111111 1111111111 O. 1111111111 111111 P. 11.
1111111111 11111111, Leipzig 1908, p. 00 (11111111 11119 11111) ’9111 1111111 (² 1111111111,
11111111111111 11111111 111111· 11111111111111111 11111111111111 11111111, 1111111 11111111 1111 HL 1111111111
Ζ1ι1111111111111, Journal f. d. 1111111. 111111. 1111111111. 111, 1810, 11131 (H. 11. 11. 11111111 111
1111111111 werke, 11110, p. 181. Of. quoque 1111111111 1 1111.111111111111111 d. 1811111 1111 11
14. Apr. 1742 111 1111111111 datas, 01111111111111111 111111 11 phys. 11111111 111 H 1111111,
811111111111111843, 111, p. 406 11190, porro 1111111111, 11111111111111 dl. 11011. 111911
οο1111111111111111,1111111 1. 1, p. 218, 111111 epistolas 1111111111 d. 1. ,81111 11 101111. 1719 111
11111111111111111111111, 1111111111 0111111 01111 1111111111, 11, 11181 111181 111111111111111111
Opera 1111111, 11111111. Vide praeterea 1181111111, 11111 811111111111111 1111111111, 1111111111.
1111111111. 11,, 191011, 11120, 171111 autem 111111 (111111111111, ,1111111111111111 111111 1111
111111111111111111111111, 1111111111. Μ11111111.9,, 190819, p. 106, 11 118111111111111, {HL
111111 1111111111 1111 11111111111111111, 111111111111 1111111111. (1111111111. 11. 1911111111
zu 0111111111, Mam-phys. 1111111 1912, 81111111, p. 8110. F, 11,

b

⁴ dr
111111111111111 Hau 1111111111, 11 1111111111

1111111111111111111111111 1111111111111111111 11111111, 1

11 111111, 11111111 1111111111 111 111111

1 111

111 111111111111’111111111111111 11110111111111111

 

1111111111111111,1111111111111111111111 ² ¹

