47 fflmmwwmffi

[111011111111111111111111111111111111111(1111111111 1111111111111111111111,111111

11—-1117777 ’ 7171 11ῠὲ

1) 11111111111111 1111111111] 777

7W (ζ 7W 771

11111111111111111111111111(11111111111111111111111-111 111111111111

ss

1π13111511ξ1111ω3111111111· ,1111 11111111 -””“ 11τ 11

1ππ-31111113111111(1115111111ω1ἑ1111ἷ11ῗ111 1211111 11 ὶ111 11 1
1111111111

1“1ΜΜ ffifflw7 ΜΜ1

1177 771115117711* 11111111 11111 1- ’11 7 1117 77777777
777777 ’11115ξι 1111111111 ,. 311
7 1111111Ε

1111111111 1111111111 77171111117 111111 111

ff7ff7777

15. Si 7inguli717 1111111717111117 1111 1111111111 = 1111111 11111 11111111
111111111111111111111111111111111111111111111111111111111111111111111111 1111111111 7
11111111111111111111111 1111111111 1111111111 11111 111111 1111111111 1111111 1111111111
0111111111)1111111111111111111111111111111 11111 1111 11111111111111111111111
. 1711717101171117777711171 111111111111111111 1111-111111111111111111111

11111111111111111111111111 111111111111111111111 111111 ,11111111 13111117117711111717111
p0777701177 1111111 711111117111711711 11111111111 1111 1117 1111111111 1111111 11111, ,1111111 1111111
1111111111 111111 (11111111 1117711117117 1111111111 1111111 11111111 1111111 11111 11111111 7177}
11111111111111111111111111111111111111 1111111111 1171 11 111111111111111 1117177
11111111 1711711777 1:71171771777 11111111 711 V17711711 177111717 1111 1 11 1111111111 11111111111111
0111111111 11111111. (11111111111111111111111111111111111111 1111111111111111

 

