3 1)(11 5555 1 515 55 Α ¹ ,
1111112411111111111 1 1111111ι ,1111 1 51⁴, ¹
ΕΕΕΕΕΕΕ 55 5511 5515511 Ε
ΕΕΕΕ64 155511111115111551111 55
11115111111, ΕΕΕΕΕ
1'55id111111155

11 111
111 11

4 5111 15555 115111 1551551551511 115 155 111 5515 15511555551 Ε

1111111515551551111515135151155551551555 1555115555 1 551 Ε 1 1111111111 1515
51111155111115 1151111 5515515151

111111511511

01111155151 (1111111Ἐ 1 515515551111551 111111
primus, ΕΕΕΕΕ 11111111 1111111111 Ε1Ε , 1 115511511115
51551111015115511111515 ΕΕΕΕ 5155 515111115511155 111 1111
5515, 5if11511’1111515155 515111115 11 115 (1 5

55151151555155 1

555051111· 1111, ΕΕΕΕ 111 1 511
formula 115--111‘115155 111111111115 5515 ΕΕΕΕ 1
1ΕΕΕ 5555 55511111515

11 115511 511· ,Ε 111 1ΕΕ,
1 11

4141111111 1 11

111111 5555111555
6 011111111111111111111111111111
111111111111Μ1 1155 5511515155 5155 ΕΕ 1,

ΕΕΕΕ quoque 5051111115 1111111 5511 1555 511555 52 Ε   5 *-
atque 5555 5115 ΕΕΕΕ 551551115 555 1

 

