1111 mmlx sssssssffissfdssffi

11121111 1 11
1661111111 1161111 1111 6611
(1111111661 161161116’ 116111 611111

, - (11116111Ὶι ” 1· «63, .
1161113611611611113 a 33 ,3
primm

44214 . 6161 . ·

61 661 2113 1141111 ³⁸⁴ 41311 211111 „3 :3³³2 611116 111

3133Μ333 33333, 66113 16 63 33336113
66111 6611·

666661666

33 13611333 336613

11611611163263311663

‹ts-:2 3,ῐὲ 361611 3 633333

116116 6611166116111111111116616166 1116111 1111 1616 1111 ,661

111161 1111116111,
1113 311611 1116111 1111111111 11116 16111 1111616111

Μ 633333( 33 (63 3466ῑέ
Ι. 1611616116 6 311 6111

313 33636 6 11
1-1] 12111161 6111111611 111 616166 61111111
6161366166

61161 1161116 31161111 1111111 1611161 166
. 11 ’Ἷ1411416616 411, 611116 16 111)

aad-5111 6113116 Ξ ³51³, argo 1131611161 6641

’ ubi 111

’ 6136611

2 η’1··2 6363 3666 66636166,

(mm-13 abque {w ³2²³, 61136 113561 ,13 61 634»

 

