111 1111111111 111111111111111112 {QQQ

1111111211111 111 ’

1111111111]111-1111111111 111 111 121 133211122112111,
11-·-.2 11 11111 111111111111111111111111111

1111111 111, 1111
11111

811 12:213 1111

1111111

11111111 11111111111111111111 11 11111111 1111 11111,

ssQQ 1111· Q

sffl 11111111 111
nuno 1111111111 1111

1 1111111111

11 1 11121 111. 111 1 111111 =· - 111.

811 322215 1111 1111119, 111 1 m 1111 111

1Q4111 1111Q11÷1³ 11111
11”’ 1111 111’1111111

Ergo 111-1111111111 111111111111111111111

‘32-52111112111111
'1¹⁴12112211-1111

 

