11111 vix 1111111111]
11111111011111111111,11111111111111111111

111-111]

11111 111 1111111111111 1111111111 1111

1111111111 111111111111111111111111111111111 1111111, 1111 regulas 11
11111 1111111 11111111111111 111111111111111.
111111111111111

1111, 111 1111 111111

1111111111 1111111111 11111111 1111111111

,‚ v 1111 1191131118 3331011113113113

1111111111
,11771111 111111111111111111111111Ρ1111

1111111011 1111111111 1111, 1111111111 111111
111 1111 1111111 11111 11111111 111111 1111111111

111111111111111111111111111111111111111111111 111111
111111111111111111111

1111111 5 1111111111 prorsus (1111111111
11111111 111111 11111 111111111111111111111111111111111
1111 1111111 1111111111 11111111 1111
1111 sine subsidio 111 1111111 non .
111131311g311173m. Ρ11111111
eiusmodi 1111 11111 11111111111,111111 111 11111111 1111-
11111111, 111111· 1111 111111111111111111111111111

0171110083 1111333110111111 3111311311311131

1733

21191 383
1711717

3711 ·17
31713107

7373 3‘3 333
' 1111 3311113131

ἶ·9· 1111111 7
3117199

‘721

{3233
’ 231151 ’
IV ›3233-337
¹ 27 23 827

351) 11
3111111

‘37 5 7 53· 1889
1111111111

’ 3’·5·119·377·887

X 3119 37 7103

7 7⁰ -11 13 19403
1

7··13 97 5· 193
·72 13 97· 1163

³373 , ,
Β--2359

XIV

7
11
1·
ΧΠ 132 ··7” 11 134141461
77
XVI·¹7

 

11111111111111111
1111111, specimen combinent 1111111131
11111111111111111, 11111111

Coronidis ergo 1010 111111 11111 111111
1111111111 111111 111111 paria, 1111111111 11111111111111111111111111111

