111-111] ¹ 1111111111111111111111111 111,

26, 111, 1111 1111111111 1111111111111 11111 111111 11111 101
111-1111111111 superiores 1111111111111111111111111111 111111
1111111 11 55g355335 1111111111111111111 1111111111

1115 quoque 111111-
(1111111111111 5555 legem

11 111

1111111111 11111111111111111111111111111 1111035111111115 5315 11111111 11111111111111
1151113535 11111111111111 1111111112 13 33, 53 111, (11 11,11 111111111111111111111111111,
11](1111 11,11( (11111 1111111 11111111 (111111 1111111111 (11( 1111111 351111311'1115 31133353331115
1111111 111111 1,2,.“1,4,5111,11(11 55333335131511515 1111111111 (111111. 5355151 533

11:2511‘2515115 111311151115 1152 11111111 11111111(111(1111111111111111111111111111
5553111111535131111111511151151 1111111111121 1111( 1111111111 (1111111 11111111 1111111.
51151311111111111111 11111111(]π111111111111111111111111111111111111111111111111111
(111111111111111111111111111111111 111111(1111(1111111111111111111111,12311111-

115113 11035133 11(]1111111111111111111111111111111-(11111111111111111111111111111
11111111111111111111111111111 (11111111111111111 (11111, <1501 1551335 1111111111 11 111
1111111111 1, 2, 3,.. (1111111111111 1111111111 1111111.

21 3551311351go 11111111111111111(11]1111(111(111111111111111111111
(11101111111111111111111111111111111111( 1111111111111111111111111111111111111111
1,2,31 5513 11111111111111111 51 1g1311 113 511111 [3133 3151
111111111111411111111111111(111111111111111111111111111’1(1(1(111·11,(11111111 111111151115 11 11
1111111111,,21,. [1111111111(111111111111111111111111111111111
11111111111111(111(11111111111111111111111111 nulla 111111 533 1111111111 111,
1111111111(](11(11111(’11111111111111111111111111111111111111111111111111 81111111

(111111(1111111111(11()(11111111111111111-11111111111111111111111111

1111111 111111 (111 11111111 111 1111111. 111111111111111111, (11111111111111111111111
111 1111111355 111 531511151 111111 5315 13115511115355 13353133113 555533 (1111111111 1111111111
(1111111111 1111111111 11111 formula (11111111). 51 3533111 1111 problema 1111

 

