11111 033333310333 111 11 111111111111111111

maa-mu
...u-mmmm

1111 1111

item ‘V 1

ὦ 141»,Ιί
1111 , .
d

praehereaque

1333313333 3331 1111111 1111111 epe 1111 111111ὶὶ 111 111111 111111 1111111

1111111111 1111111
, 1111111 1111111111 1111111111 1111111111

111111 11111 1111111111 3 11111 11111 11111111 3333

333 1111111111 1111111111 1111111111 1111111111 3333 33 1111 11111111 1111111
'facile quidem 111· 11111111111111111111111111 111111 11111111 1111 11111111 1111111 11111
1101111 1111111 11111111111111111111111111 11111111 11111 11111111111111111111111111111
expedie3 1111111111 111111 1111111111 11111111 333333 111 1111111 1111 111111 11111 1111111
insuper 33033333 333 3033 333333 11111 3333 1111111 1111 111111 111111
11111111111111.1111111111111111111111111111111111111111111111111

11111
333

11, 11, 11, 11, 3 11111.

1111111111 1111111111 3333 1111111111

1111111111 11111111 1111111111 11111 33313131333
hene expressionem

 

