3233333

Μ’ 12413001

111111
’ 1111111

, Ι1111111111
11111111

1 3. '23.227·2l1l

ΞΞ , 333133333 ΞΞΞΞΞΞΞ 111 ³333: 111111
λλ ’1111111111 311111 1133

, 11111111 ΞΞΞ1
XX‘ 1111111111 1111111

11111 ¹ Μ

,, 3211132119
XL {33013331-133 1121111111

33031 111111, 3 3 11111111 1111111
111 1111 1Ξ ΞΞΞΞ
1111111111, . 3, 11 ,111 1111111

33-3313333 3211 «111, 3333
3333. 1111111111 31:333 1111111111

1101111111111111111111 20 2911111111 11111 1111111111 1111111111 11111, 111111 33111311333
111111111111111111111111111111111, 2111111 1111110111]Ιῖ 1333 1111121, 11111111 111 ,1111 1111111111

,1 3³³ ⁷³ 1312121111 1111 11111

1111 11 11111 1111111111 11 ,11111111111111
1111111 discrepant 1122)

2111111111111111 21111111,,,111,1111 11111 3111 1111111111
1131111113111. 1313

 

