³⁶,‘„³⁷] 1111111111111 1111111111111111111111111111111 ¹ 03

“mmmm-..m

N 11111 populari 111111111111111111111, 11· 1111 111111 111 onmes, quos nobis 111111111111111,111
111111111111111111111,1111111111111111111111111111111111111111111111111111111111111111111111111.
11111111,1111111111111111111111111111111111]1111111111111111111111’1111111111111111111111
111111 111 Ι11111111, 111 111 11111111111111111, qua 11111 111 1111111 11111111111111111111, piorumque
111111 111 Nos 11111111111111111111 1111111111111 poio 1111111 11111111

Haud 01g0 1111111 11 111 1111111111 111 1111111111] 111 1111111111 11111 1111111111111111111] quarundam
111111111111111111 111 im pondisse 1111111111 (N 11111111, quibus insignes 11111 divisores 1111111111]
proprioN Nm< 111111111111111

1111111111111111111111111 111 111111111111111 1111111111111 11111111 omero 11111, 11111111111111111111111
11111111]11111111111111111111111111 1111111111 11111111111111] 1111111111. Non 1111111111·1111ο 111· 001ss
1111111111111111 11111111111111111,11111111 111111 111, 111 111111111111 11111 111111111111111111 1111111111] 111111
11111111111111111111 0N'0110 1111111,

1)]’1111111111111 111111 No 1111111111111111 11111111, divisores 1111111111]11111111111111111111
1111111111111111* 11111111111111111, 1111111111] 111111111111111] ob 11111111111111111 1111111111, 1111111111
111111111111111111111, 1111111 111111111111111.

’111 111111 1111111111 1111111111111111111111 hio 11111111111111 1111111111 11111111· 11 1111111111 11111111,

111 1111111111] 1111111111111111 1111111111 1111111111 11111111· 1111111] 1111111 111111111111111111111 111111111111
11111111 1111111111111111 1111, 111111ῗ111111 11111111 (101. 1111111.

Ρ··,1]]111 quod N* 1111111111 111111111111 1111111“11]1111111[1·1111 1111111111 1111111111
1111111111111121111111111111111111111111111111111111111,·’,111111111111111111111111111111111111111111111111111·11111,·,11
111] 1111 111111 11 1111111111] 1111111111 1111 1111111111] 111111111111111111111111 1111111111111111111111111111
1111111111 1111 111-11111, 111111 011 N 111111111111111111] 111 1111111 11111111 1111111 111111111111 1111111111
adduam.

1111111111 Nm 1111111111, 11111111 11111 1111111111 11111] 11111111 11111111] 11111111111111]
1111111111111111111111111111 1111111111 1111111111 1111 1111111111111, 1111111111] 1111111111 finos
11111111111111 1111111111 11111111· 1111111111 11111111 111111] 2111111]11111111111111111111111
1111111111] 111 11111111111111111111111111111111111111· 1111111111 quicquam
111 1111111111 1111111111, 1111111111]1111111111111111111111111111111111111111111.
(1111 1111111111111111111111111] 11111111 1111 111111 111111] 1111111111] 1111111111 1-11111111
11111111 11111111111111 11111 1111111111, 1111 111111] eiusmodi 1111111111] 1111111111 percipiatur,
1111111111 11111111] 11111111 1111111111. 111111 11111 huiusmodi theoremata 111111111111
11· 1111111111 1111111111] 1111111111 111, quorum 11111111, quamvis domonNrNio 111111,
1111] 11111111 1111111111111111. 1111111111 imprimis 1111111111 1111111111] 1111111111
111111111111111 111111 eiusmodi dmi 1111111111, qum 1111111 1111111111111111,

 

