113 3333131033 333330311111

10=13138‚ 10=23233
10=13233 10=23333
10=13333 10=23433
111-11111 11211111.

1333‘1311331 1311310111 1111111111111 111111111111111 1111111111 1111111111 11 1111

1111111
dispertiendis] 1111111111

33 3111131111 11010 0111 11111 111111), 11111 111111111111 11111111 [11111 11111111 111 11111111
1111111111 1113 111111 1πε1111 311³ 3333 330 3103133111 1111111111 111111111111 11111
1111111111 11111111111111111111111111111111111111111111111111111111111111111111111111
11111111111111111111111 ,1111111111111 11111 11111111111111 111 1111 igitur 11111
q11113111331 11111111111111 11· 1111111111 1111111111111111111111111, 0111 111111111111111

11111111 11111111 3103 1111111111 1131· 31131310113111 1111111111 11011131011111 1111111111
1111111.111111111111111111111111

3133'33111'333’333'331133 3333311103 11333 111.

1331· 1111111111 301 11111 111 11113111311111 111111111111 1111111111, 1111 1111111 1111111 1111111111
1111111111 111111111111Ν111111111111111111111111111. 3113133111111110331030110111011111·
11111111111111111111111101133111 1111111111 1111111 (1111111111 11111, 111111 1111111-
3101133 311113

1031313133 1031323133,
10321313133 1021323334,
102221313333 1031333333

1031-313-331, 1022323233
1032333333. ’

31 13101101113 11133' 111111 1111111111 11111111 1111111111 3 1111 11111111
1111111111]11111111111111111111111111,1111111111111111111111111111111111

1111111111 1111111111 1 1111 111111111111111111111111111111.11111
11111111ἄ1

11 32 10⁵3 333 111-1111111111 13⁰3 101111- 131112 3 111.

131* 111 111030 111111 11111111 111111 111· 111 111111 31310111101131 11 111 1111111Ι 1111111111
11111111 11111111 11, Η, 1 111 11111111 1110 1111111111111 1111111111111111, 0330,
11111111 030 111111 1111111, 1111 11111111

 

