1 1111111111111 111 11111
11111111111111111

’ 111111 3· 1111 1111 ,1111 ,111 ψέψ 1111,

1111 ,,,,,, 111 111111111111,
11111111 11111 1111111111111111111111111
111111 1111111 3 11111111111111111111 3 1111111111 11111111 3 3333
3333 333333333 1111111111111111 1111 11111111111111111 11 qum-333> 11 11111111 11111111111111,
1111111111
1111 11) 11111 11111 1111

1111ε 1111111 1111111111 111111 11 11111111111111 111 11111111 111111 11111 111 11

1111111111· 11 1111111111 1111 1111111111111 1111111
1 3 111 11 333

11111 111 1 11111 111111
11111111111111 1111111111 1111

 

