71 77 777 777777 7777777777 7777777777 777 77
7777 77777777 1111111 7 777 777.

DEMOSSS‘ 777²&
3111111111111111

11111111111111111111111111 111
777777777 7777 1111111111111111 111

,. 1111111 ,
10111111111111 3111111 111111111111111111111111 7777
10111114111101111111111111111111111. 111111

81111111] 1111111111 777

ae== 13 ,ι 717 31 ’ 7⁴7³ * 1 '

μῦ , 1, ,ἰ1 ,7va ¹· *¹773 1311η 113
111 11 . ,1 :1 . .
Β

7

u* 7 77 :S 11 ,11
11111111 11111 3

77

JP777 1111111 11111 1111111111 7, 111111 11 1111 111111111111111111
11011311113011161111111111111111 7777777 71²9 ,11111ε ‹7› 7
777777177777777777777 1111111111 1111 1111111 777 1111 11111 1

1111111111 P 1111111111, 1111 7 1111111111 777 1111 777 7
7777 1111 D77777777777 7777 7777 111111 7777 7 777
1111111, 11111111111106
1111111111111111111. 7717 7 777

111111111111312111111111111111 7 27 11 111111
¹ 1111111111 11111111 777777777 1, 77 7777 11111111
¹ 1103111111111111311-313 7

7777
)1111111111111111 77777777 , 7.. 7

11111111111111111111111(
7

 

