mmmmm-...mm

1Μ 41 1 PPPPPPPPP PPP P PPPP'PPPP PPPPP POPPPTPPPPP 587

1111 111 1111
PP 333 1 1 PP 1111111111),

11111111111111111 111 11 P 11 11111111 1111111111 11111111111111 11111111111111111111,
11111 11111111, 1111111111 1 1111111111

1 P 1 1,,11111 11111,111
1111111111 111, »11111111 3P3 111 11 1111111111 11111 11 P 1111111111 1111111111111.

1111111 11 1111 11111111 11111111111111111111111111111111111 1111111111 11111, 11111
11111111 11111111 11111 1111 1111 1 11111111 11111 11111 11111 ¹

PPPPPP3 Pl) PP 1111- 111111111-1. .

1111111111 11111111 1(1111111111111111111111111111111111111 1111111111
1111111111 11111 111111 1111 1111111111 ,1111 11111111 111111 PP PPP PPPPPP PPx

11111111 111111111111111111111111111111111 1111111111 111 11111111 1,11 1111111
1111111 P 1111, 1111 1Ϊᾷ1111111111111111111111111111111111111111111111111111111111111111,

τγ PPPPPPPPPP,

411111111111,

 

