33 333 333333333 3333333'33333333 11111161
1111111111111111111111 1111111 11111111111111111 111111ἑ 1111111111111111111“1
11111111 111 111111111111111111111 111111 11111 11111111111111 ,111111 1111111111 ,1111111 1111111111
1111111111 111111111111111111111111 ,1
11 1111 1111111111 11111111 111111 1111111
11111111111111111111111111111111111111111 ’1111111111
11111 ,1,11111 11111111111111111 1111111111.
333313303323 11 333333'
3331033333333 1111111111 1111111 1111111111 111111 111111.
111111111111111111111111111111 1111111 111 ’
(111111111111111111111111111
1111111111, 3¹33 111 3¹3 11111
111111

111111111111111111111111111111111111
11111

W ε»,
μ’* μ.-
...ff

J}

11111111· 3 1111111111 11111 33333333
111111 11111111 1111 11111111111111111 1111111111

--—-—-‹
Μ

11111111111111 11111111 1111 1111111
1111111111, 11111111 1111111111 11111111,
11111111111111111 111111111111111,,1 33 3333

111 1111111111 1111 11 11 1111111111 11111111
1111111111, (1111111111 111 ⁴ ’“ „ ‚ ‘

(3330 303333 11111111 1111 111111 111

1111

111 111111(
11 ,1111111111

1111111

1111111111( 1111 1111 ” “ ’

11111111111111111111

11111111 1, 1611ἅ1111 1111111111 3333

1111111 11111111111111, 11111111111111,

1111111111 1101 1111111111 3 1111111111 3333 33
33333333333333 3333 '333

 

