348 005055551555055505 55555555 55555555525515 5 555,5.„,25

..n-manv· *ruma-a ΝΛΞ-*Μ

555550555555 55

31. Μ 555 55555 555555550555555 505 5555 555550. ΜΜ,ΜΜ ΜΜΜ Mn55 ΜΜΜΜΜΜΜΜ ΜΜΜΜΜΜΜ
55505555555555 5555 55555555 ΜΜΜ 5505555550 5555555555555555555555555 15555555555555555555
050555505550555555 5555555 55055555555505 50555 5555 55555555 5555 555 5555555555
55555555555555 5555 05 505055.555

05550 555555'55

550505555 55055555555555 ΜΜ 555555505 ΜΜΜ 55 05155555555 Μ ΜΜ 5555555555550 555
555555=555555555555=25555355151155555555

5555 Ξ 55555555 5 555555 5 55555 5 ΜΜ,

5555055 0550 5555 55 5555055555515555555555 555 55555 Μ 55 555555555555555555505
5055555555555, 5555055 05 55 Μ) ΜΜ (ΜΜΜΜΜΜΜΜ 5555 555505 ΜΜΜ 555 555555555 55555555 555555555
555 005555 5055555055 555555 50555555 5555, 555. 555550555555 555 5555 55555555555555 5555 0555550
50505505555.

00505555550555

35 155055555505055550555555‚55, 53,5,5555 55 535555555 555555555 55555555 5505 55555555
505 55555555 5555055550 00555550555505 15550155515555555555 ³5⁴5 55
Μ), 5³, Μ 555, 555 555555 5550 55555 55555515 555555555 55555555555 5 55 555,
55², 5³5, 5⁹an 55³ 050.

00505555555 555 5

33. 5550 5555550 550505, 55 50555555555 ,,ζμ ,ζ 5555555555 ΜΜΜΜΜΜΜΜ 0555

5 5 55 5 5 5⁴55 55 5 ΜΜ 55 5¹-v 5555 5 ΜΜΜ 5 55⁸ 5 5555,

singulos 55555555505 55555555 555505 55 555550 55555555055555505 55 5555 5555555 5555555 555
Μ 5555 50515555555 5555550550 5555 0555

0050555555555 Μ

, 35. 5555555 5550515 horum 55555555055555155515555555555555555555555555, ΜΜΜΜΜΜΜΜΜΜ·
5555 555555 Μ 555 505555555 5555555 5555055 ΜΜΜΜ 555555555 55555555 551 Ὗ ΜΜΜΜ {5
555055555 550555155555555555 555 515555555 505 5555.

 

