1111 111131311113 1111111313331113 31335

Ρ1ο1111111 111111111111 11 111 1 11 1 111111 311 111111
1111111, 11111111111111111111 1 11 111 1111 13 311313111131
1111111111111111111111111 11111111 11 11 11111 11111111111111111
1ο111111111111111111111111,11111 3 311111 1111111

11 111 11111111

7 811111111111111111 111 11111 111 111111
11111111111111111111 111111111111111

si 1111111111 111 111111, 1111111111 1 11111111 11111111

Η11111111 1111111111 (1111111111 111 11111111 1111111 11111 1 11111111 1 v1111 ⁴
111111111111111111111111111,1111 1111111111

1111111111 3111 3 33 111 1]

11111 11111111 1
111 1

19111111111111111111111111111111111111 111111 111
11111111 11111 11111111 1111111111 1111111111 1111111111

1111111111 111111 11 primi 1111 1111111 111 1111
ι11111-,1-111[11’[11,1111,1111111111111 3133)

g,

ἱ 9 1111111111111 111111111111111111 1111111 11 11 1111111111
producti, 111111 1111 1111111111 1111111111 111 111 11111 1 111 1111111111
11111111 11111111 1111111111 11111 1111111 1 1111 111111 11 11 111111

1111111111 111111111111(11111111111111111111111111 11111111 1 1111 111
11111111111;111111111 1111111111 111 11111 111111 11111 1111 1111 1111111 111 11 111111
1111111111,1111111111 1111111111 1111 1111111 11111 ’1 1 1111 1 1 3133
11111111 1111111 11111111 11111 1111 311 ² 11 3 1 11111111
sed 1111111111 1111 3111133 111-1111 111 1111 1111111 11 1111 1 1111111
911111111111111111111111111111111111111111111111111111111 1 111111111 1 9ΓΟ

’ 111111111111111111111111111111111111 1111111 111 31111113311113113 1111111111

111,1111111111111111111111111111111111 1111111111 111111 11111 11111111 1111111111111
producti 1111111111 11111111

 

