, 44 1114111 p 404 1411114 444 2 44. 51 41114111

3111 111111111111111111111111111111 4 1111111111111111111111,

...n-oman* ΜΨἪΜΜ
mr·-

44444444444444 4444444444,44 4444 444444 11411 1111111111. (1111111111,,,,,,.,,1,,,,1,,,,,,,,,, mm 4
’ 11111111111111141141114111411111111111444111114414144141,41111 44411 1111111 14141311
144 divisibilis 4444 3, 14111114 444044444 (4414144461 1114 4444 44

00440444441444 44

27. 611111 111411111111111111141141111411114114 ’11114111141111111144111111
41111111111411411111111),11114411411111111111111)14111144111111111111111111111(1114111111,
444440441444444444 444414444044 1141111411 4444 44444444 44444444444 44444444 111111 444444444444444 411411
444- 4 1114114111,1114111111411411141111114

11,11,19,13,31,44,17,114,11,1,41’1 1111111114 1141.

6644044644

28 01111111111111111411114114,1111411114111111111411111111111111111141141111
111114044111140 41111 11141111 40444444 4444

4313, 44, 233 41,11,11,111,111,1111,1111,11111,

qui 4044 1114111114 1114111 41111111 444 44 4 11111111141114 4444444

longe 1114411141, 44444444444444444 444 444 1111111111 1111111411 4444 1111111111 1114111111 1114111,
(1111114141(1111111111111114111111414114111 44444444444 1444111 11114
1111111111111141111111111111111111111111111,4111 444444444444444444444
duorum 444444444044444 4444444 4111111111 4114411411 11111111
’611111411440141 1111411111 4444444444, 411111, 1111411111 4111411111
111114011114114-1141114114411111111411111111111414111 44 1111411111
1311011114114141444111111111441114(46414144114411144111111114141411111111111111
1111 11111 4444. 14444444444 4444414444444444 111 141111141111111111114111

“vm

1) Vide 4 244 6111111111111111111141111111111111111 1111411111 1114444. 44.

2) (4111141411 theorema 4111111111 16146 11111111 11141111 4411111111 14111 444444444444

44444444
144444444044444441444444444114244, 416111111611111111114114141111441441114441111111111111

4414444444444 (4444. 444461111111144 44444444444414 11111114 461441 4444 444 4444 4441114411 1144441441

441, 01111111693,ρ.1817,0111111411111441111464 4111114111141144 44444444
1441111111(1644)4111141654),(411111141669)1111141 4444 ί144 11114, 4, >114411
310, 441. Vide porro 4411111111 114111111161111111 44 444

1111111 1111111111 ,, 4 44444414044441444
4441144Π141111111111414141111141111111

4111111414 41111111,111111111111111111111141 44:444 4444 1111141 4411111111
1411141141), 044444444444444, 4114414 4444

 

