298 4444444444444Τ1444444414(1144( 111141( 11,-

ffl-

ΗΤ Tempe omnes (44( numeri 441444( (11114 21111.Τ 41111111 1111111111( (1111310114 (14(
44444444( 1441441441, hosque 414444( (14 (4 141 (1441111114 111114 1111111 1TTT111T TTTibTT
vocabo 4444444 duorum (4444414444,(1((1111114411 nl (4444( (1111(,4114141
44411 comprehendi (4441441444 (41, TITTTLJTTT (41 T 11414141( ((4444
’ (4444144440, T, 2, 3, 4,,, 1 ((444. (41141114144443411141144 4414114114,
((14 non (41144443441141444 444144 (41414441 114( 14141( (“4( (1111 (Τ1,( (44(
usque 4421103

3,(,1,1(,12,14,1313212224,12242,’211’,112,’131,38,1114
43, 44, 43, 41, 48, 31, 34, 33, 311, 31, GG, 1141)( 33,1,(1,11, 13, 11,
13,11,18, 13, 83, 84, 83, 81, (141111, GG, GG, TT, GT, 113 ((1,Τ() 11111
131, 138, 110, 111,11 12,((4,((3 ,1118 (11111141, ,(,14 (4111411111
(32133134,3133,138,133,14(1,(41,112141141 14 ((31, (33, TGT, Τ,
133,1,38 153,131,133,133, (33 (31, 8111, (12, 111, 113, 118, 1111, (13
. 182,133,184,183,181,188,181 1111, 1112, (113, (4(,4-1(

1144( 11414( 441144( TTqTT 44 24134( 4131441( (4414 (ΤΤΤΤ ((414 ((4 4( (1 Τ( ((114 444(
4441414(44414414144444441441,4414444144((1(
(4

(144( (4444( 444144(
duorum qTTdTTG ((144 3414144( 1441114144( T 34( 1141334444( (4( (4((14441
numerorum seriem (4144444111441111 (44( ((4144 ((414 44144( (11( (4143114441
4434114( (4( 4144414((14411144111441441111444

3. 3444441444444444 (4414444444 (1( (4111443411 ((444 14141314
((1114 441414( 444444444144444, (411( ((1, 1444( (1( 14( ((414
(3414444444(1441444444444 (1114114411 (4414141443411

1414441((44144444441444144411444141141144( 44411411( (4144
4444( ,1441444311 (1444144441, 1444 444411( 4141(

vel 44444444( (414444 ((4 ((4414 (1414311 1 4411441( (11((1111114411111 11411(
4( 1401144444 (4344444441444144 4441114 444 ((1 ,141 (111( ((3341,
441444( ((,ο 444444( (4413111441 (144441 (44431

(411434444144(’14(Τ((((1444(4((((’144(4111441441 (111441441411
(41444844148114 44414111( 34111 141114( ((144 111411(
(44444 1411441444, ((4 441444( (444441 41411( (4111414 (414( TTTTTTT

((414 ergo ((4444 444444( 11411444( ((1 4411414 (44441144141111141441
(414441(4414144(4414044444441Λ4144144 4144441441111411141
((1443 Teu (444( 444( formae 411 T, pTTTTT (411((444144144(1111114144 111111111

 

