¹ 1111111111 eiusmodi 11111111 1111111111 11111 S 1111 1111111

312 DS 111111111115 (1111 511111 SSSSSGSTS SSSS γ1111111111(1111111111 (513,
111111111111111111111111 41111, 11111111111111,11111111111111111111111111111111
(11111111111111111111111111111111111111111111111 11111111 11111111( 111111111111111111111111111111
111111111111111111111111,111111111111, 1111111111111111111111 1111111111,
1111111111 qSSSSSSoruSS

SSSSSSSSSS'S

S
29. 1)111111111111111ο 1111111111 111111 1111111111111111111111 1111111111111111111111111
1111111111, 11111111111111111111
111-1ῧί 111111 11111 111111111111 1111111 1111111111 1111111111 Sl: 1111111 11111 1111111 1111,
‘Sus 1ο111111111111””11Μ 11111111110111111111111111111111111 MS}

1010111111 1111

30. (111111111111111111111111111111111111111111111111111 11111111111111111
1111111111111111111111111111111111,111111111111111111 1111111111 11111111111111111111111111
11111141111111111111111111111 11111111111111111111111111111

1111 111 11111111 111111 111111111111111111111 1111 1111111111 11111111 111111· 1111 11111111,
111 divisibilis.

SSSSSSSS ’

31, 111111 1111 11111111 11111111 S, 111111 1111111 111111, 111111 1 1111111111 11111

. 11111111111111111111111111111111,1111111111111111111111111111111111111
111 11131111, SSSSSSSSP‘ ΝΜ1111114η 1111111111 111 1111111111111111111 Su ,
modo 11111111 111 1141111 111 11111 1111111111 1111111111 1111111 11111,
formula 1141111111 divisorem 111111111111111111 11111111

ί1111 wsppss (4111111111

1111111111111111111111,111111111111111111111111111111111111111111111111111111
1111111111-111111111111(11111111111111111111111111111111 11111 S 11111111 (11111111
1111111111,1111111111111,111111111111111111111111111111111111111111111111111) 1111111
111111111111111,1111111111111111111111111111111(1111111111,

1111111111 eadem, SSSS 1111111111111111111111 111111, 1111111111 1111 111 111111 p SSSSSSSSS

1111111111· 1111111112, 3,1,1,..1111111111,11411; 111 111111 11111 11111 1111111111
‘ 1111111 11111 residuum, qSSS 1111111111111111111 11111111 1111111111 ,1111 111111, 111111
311111 2, 111111 111-«3111111111 1111111 1111111111, SSS 1111111 111111

mm

1) 11111 OSSSSSSSSSSSS 111 (impis SSSSSSS 111 S SSS 11111111 1111111111, S. S.

 

