033331311031 1111111110. 111111111111111

1, 5, 13, Q 33, 31, 111 13 111 33,
131. 1. 1, 1, 13 Q, 13, Q, 33 31 311,
3311. 3, Q, 1, Q Q :1

Unde 111133 331131 1333111113 3311313113 3311 ³³2³* ⁶ 3111131111 ’1113 3
numeros QQQQQgQQQQQQ 1111313 331133 331
Q, 7, 15, QQ 40, 111, 11, 1111, 11113 313,
11111. Q, 8, 11, 14, 11, ‘Q 111, 111 313,
11111, 3, Q, Q Q, Q, Q, 3 313,

113133313331313 3333331313 11311111 11ζῇ 33 3311313 33313131331131113443.
11311331 13113 3330133133 33311331,

10 01331113 hie 1131331 111331 13311113 3111111 (11111111113311313
1313 11133111 33331 13133 331 1133313111 11111 4111111 1111111 13 31311 31311 113111 1111133 33111111
potissimum 3011111131 331333333111131313111311311113113111( 1311131111 QQ
3313311113013113313333333111131114111113131111111 11ὶί1 1311133 11111 13131313

33313333313111 1313 3311313313 1411333 1311313111313 1131 11141313 1 1131 1311113
313,1 51,,40,261 11201011,Μ 11 1111141

13113313 333113 310331333331311311113131331313131341133113313313411111111113
hoc modo 31013313 3311103111 1131 3111

, ³ w, Q* 4 ‘QQRQQJQQJ 44444,

quae 331133 3111111433 (4311133113 1311313113 33131111111311113113 1331 3143111311
30 usum 1133113131 3113 3111110331 131, 11313131 113111 111311 1111313 111111 1311131 ¹

11 01 331313331313313333113311111313 3331111133
411411 1441414 244114 (13 1434131111411111
44441111414413411--13144134314133

1114* 70 141114104413 4 Q) 4413 4 1134 4 313

 

