¹9³ 333333333333333333333333333333313333333333303 33
3333 {3333 2 3333 333333 2

122 2 73 “3'' 233³

333 ἲ 222222 12¹ β,

22222 3733· 333,

3573 2 3333 ³33,

>333 3 3:313 -ι- 2902
333

3133 333 3 221 3 331 33 222222, 1333 30

fl
2 Q*

3333 2222 3313333 2 333333
212222 2212222222 33 2222222212222222,

33331’333 3

2222 4¹ βα) 2-2- γ)2222 3

3333333 22222222 222222 22222222 22222 3, 33333 3333 333333 22222222 222222,
33 3333 3333 3333 2222222.

3 33 03 α 333 quaeramur ‘numeri

3'1‘3 3333 3333333 33 3333 33 222
0 3²34 33 222 33 hino secunda

333 2, 33 33 3333333-31), 3333 222
221222 222222

 

