VORWORT DES HERAUSSEBERS

mmm-mmmm numu-memnon :om-mmmmm——nm

1161116 6111 den 1116111116, 61166116111611[16111611161166661616Τ611111116166166111611111611. 1111161 1
11666111161111116 6111 1111661616 Ρ1111116111611 9:229 ÷1 111111 (161111 1161161 1166166611, 11611 66 6611611 ’
6116616 und 611161116616 61111, 1611161 11611 (166Ρ161111111 6116 61116111 1166161111 61116111 1116111-
16616111 1116111111166 1166 Ρ161111111 aus 11661 1116111661 1611 aber ein 1166111161. Die folgenden
111116166611111166116111111611 6161 6111 den Β661111 des 1166616666166 611166 11661 1,666 1161116161
11011611 (116Ζ61116--661161π--1616161.6111 11611111111116116611661611(166Κ61116161116111611611
nur eines 6111116611 1166166 161, 66 1161116611 die Κο1116161116111661161161. 1116 1111161116 der
116616 1111111 6111661666 66111, 6166 9 die 1161111 4661 haben. 161616666611616111161161111 46-1,
6611611116161111616111611116616116116111116111(166Κ6111616111611161666611111661111611111611. 11616116
6161161 616111. Β 1616111, 111611 4616 61-6 1116111616 6111 1111611161 66111 kann, 6111 8611, 1161 1161
1111111111 611 61661611161111 (16161166. XXI).

An den 11111 1616611161 1616611611 11611Ρ1111116111611 4611111111 66-16611116111 11111111
66116116 11611616 Α11116111111116611 61111116 Summen 1611 11161 und 61161 (16611161 611 611, um 61611
6161111 6111111611 zum 116661661166 Sa3zes 111 1661161611, 61611 61611 jede zahl 616 Summe 1611 1161
oder weniger Quadra3911 1616161161 lasse. 1) 1116661 1616, der 11111116 661116 6116111616 11611
Tite} 6166661611 1161, 1161161 16111111 6611611 von BAOHET ausgesproehen worden (616116 die
Α11166111111164 9. 358). Sanz 6116 71161 11611111111111111111161116111116111, 1116 61 611611 6611161 61161111,
61161 1161 66111661 1161666116, (1611 8611 111 1166616611, 66161161 61 611 der 116111111111611 Ι11611111111,
116611 der 6166 1316111111 1116161 8611111611 1611 1161 (1661161611 wieder 61116 Summe von 1161,
0661161611 161. 86111161111611116166161 61, 11611 (1618616 1611-1366116111611116161, 661111 11116116
1116111 61116666611666611 1116111611. 11611 1161 8611 11111611 111 66111611 1216111611 6111,11611116161
11611666111166166611, was 11111111 ’11611111 1616616111 1161, 1661611 1611611 66116166116 6111611 1166616
6116611611,1161111611111616Β66111161111116111611111161116111111111)

1116 Α111161111111116 253 vom 161116 11511, 111 der 1111111111 6616116611, 6611611 wieder 1611-
61111116 116111 11661116166111011161116 611. Sie 1161161611 von 1161661611, (116 6616161161 1116111
616 1661116161 1111111116616111 616 1116716111 (161Β61111611116611 11621111 1161161116116161101111611
1161616161, und (116 doeh noch 6166111611111616 1106611666 1111666611. 11611161 1111166611 111666
Β611111611116611 11111 611161 6611166611 11111161 66616111 11611611. 1161616116116161161611166111161
6611611 die 16166611116161611, ,111 quibus 16111 6616116616 116 666116616111, 666616111611611
1111111611 6616161111 (116661611616611 6161116661 66116666 sind, 161 6116 (166661111611611111161-
11616111116611 (1110161661116 6611161611111611111166 11111 11161 darauf 161661616211616161) 66111161
611 661661611611. 11111611 6611661 1666161661 616 (1661116661 1161866116, ,11611 661111 6611161611
116116666661 6111 61116 66111666 11116166 (16111166 661616161 1161116, (161111 1116161611 611611 andere

mmmmm

1)1111111166611116161161161616111111111666116111661117301611111111 11611116111611116611111611166116
160616111666Β61161616116616161216611749(1611161611111181616066666 6161111 61 9393 1, =
p 21, 28, 35, 40616, 103, 500. ,

2) 11161161161111116111666 2 p 370.

 

