444 11111 4144 11141144141411141 Μ11 111111
404 4014444'4401144 11111111111111111 1111111 444144444'1441141 1111111111 4 1111111111
110111111111011111111 414414 444111414 44 414441 4414 114 11111, 1111111111 ,1111111 Q
111111111111111111111111111111, 11111111111111111 1111111111 1111111111 1111111111111111111111111

111111 ο111111111111111 11111 11111111 111111 1111 1111111111 1111111 1111111 111111 111111

111111 111111111111
111 404 4140441411444441 1111111111111111111111

111111111111111111111, 11111111 1111111111 11111111111111111 444444414444'41.

811 411444 4404441141'441 4044 4444 144114414444404 111 444 1111111111 4444 14·

1111111 444441444 111 1111111111, 4444441414414441444414444 4444441 1444 1111111111 11111, 444444 4444444 111111
4444441141444444444, 111, 11 14414444 44114 44444'4444 11111111 4444444444444 444 1111 4444114441414 1111111111 1444
44444414414444414414. 81111111(11111111111111111111Λ1111111111 111, 1111111111 ·
1111111111 1011111111 1111111111 11111 1111111111 11111111

444422441444444140, 4444 1111111111 444 441144 44444444
4

144444 444-4444 4444 444444
11111111101111111111111111πό111111111ιά111 4444
in 41 14 4444444414 41404444441441441441 444414 1111111111 111-111111 11 1111111111

3114 111111 11111111

1121111111111111114111Μ11111111111,

4444 1111111 111111 1111111111 4444411441444, 444 4111444414 4414444444 111111111111111 1111111111
neque 444 1111111 40414414414 11111111 111 11111 11111111 11111111 4144 1111111 11111

, 1111111111 1111111111 4414 4441444444 0414 4414 14444441444 1111 1111111111 1111111111 4444, 111

binorum 11111111111111111111111111111111111111111111111111111111111111111111111111111
11111 111111 4411 111111

1111111111] 444-444444444 444441444444

(111111111111111111111111111111111111111111111111111111111111111111-11
4044441414 11111 4144 44 4414144 difficile 11111111111111111111111111 1111111111

11111111 1111111111111011111111111111111111111111111 11111111111111111111111111111111111
adeo 111 11411144144111 in4eg14s 11111111 4414 4014 11111111 4444444444

*ww-ma...

4) 04. 111111111111111111111111111111111111111111111111111111(1111 [444444141‘1444 4444114 444441444444 444
= 4411444440 XIV V4441'4io1444 B40414441)3 1111111111 111111 404 11111111 1441441141444 4 41

) 111 11111111 11111111 1111111111 D1044114441 4144444444444444 (111 1111111111 11111111 11111031ὶο
1111111181111111111111111111311111111111111101111)4041111111111111111111 4444 444'4444 111111111οΙ1

observ-114 4104414 11111111 4444444044111 <of 1111111112 11. 44 11111111 10111111111101111111111 1111111, 4, I,
11111111

 

144144440'

