994 333 333333313333 ΝΝΝΕΝΝΝΝΝΝ(

„ww-„flamm -ν- > *-

5549555 ’ 2-3355‘5552532125353

51115 3

11 33 33 33 Ν””’1Ι 333 M 33 Ν) „
39 399 99 33 (Ι 93 93 93 .- )
300 308 913 998¹ 9939 3999 333 333} (ΝΞ 3 „4
333 3399 33393 , 333 3339 (ῥῷζ ς] :3
333 333 333 3333 333 3333 3333 9339 9333 (1( ,
5 055 1154 1215 33331 13‘33133331333 ((5( 3333 ,,
3333 ’(111, 3313 ((11 333E (((11111 ((111 (1111(11 ,(1
99 (11111111, ,Ι1(),()1(( (1111 1111111111( 1111111111 3333
3333 3333' 3333 (111( (11(ξ 3333 9999 3333 3333 111) 11111(
9995 Ἣω1891412919), 9975 (0999ἶῖ 9919999 5555! 5555 5533333 [5555
3333 111( 1(((,“(1((((11111,ῗ 1111111111( (111111111111111 11111
3375 8138 19928 91979 ‘³333 133333 ²33 333⁰· 3550‘3' 5553'353 ((40Ὶ
11111111 1111111111(
3 (11(1Ι1(11(,))3)( 1)( Ν 1), '3999

3339 393339‘ 3335 3333 3

ἓ ²5 Ν
13 ‚ 1111111111( 555 5555 5553 399 55355535553 111(

((11), 11111, 11111 33333 11 1111 333 ((1 333

..55„70515 (11111111111111111111111(1111111
„ 1111111111( 1)((ΝΝ111Ν111111)
9993 9 (111(((1)),11(ΝΝ111111(1(((1)1(1111(

1111( 1111( (1111111111 1111111111(
9939 9 (1311111111111111,((11),1111111111

11111 ((1)),11111 ((111 33333 333 3
9939 333333. 3333333333 33033333333331 (11)(

((111 11111( Ν(11’1,’(111 Ἰ”’
Ν 1117359520 33253333 948,9916991ἶ99

 

