11. 8111111111 1111111111
11111111 1111 1111 44

11111 (11111 1111111 111111 11

S 1111111 1111 11 1
11111111 444 1, u NJ

4 (1111111 11
(111)(1111 1111111 , ,f
44443 111111 1131111111 144 111 11
444444 44 244 ’1-1 444444 1111111111 444 4444 444444444 44 144434444 44 3} 4 s
4441, 1111 44444 444 44444 444 111 11111111 11111111.

1111111111 4

15 4444 4444414441441444444 44 1111 111111 1 1 44 4
11111111 111111 4, 11111 111111111111111 4 444 4?
11111111111111111111111111111 11111111 1111.

11111111 1

1681111111 11111111 11111111 1111111
1111111 1111111111

444444 111 11 41

‘44 11 1 111 111 1111111 1111111
11111111 1111111111 11111111111111 1111111111

444044444'444

81111--11111111111111111111111111 11111111 1111111111
1111 1111Ῑ1111 1111 11111111 111 11 111 1111111111
111 11111 11111111111111111111111111

 

