1111 1111111111111111111111111

(1111111111111 111 1111111111111111111111
NRRR 111111111111111111111111111111111 1111111111 111111111111111111111111
11111111 1111111 1111111111 RRRRR. 1111

RRRRRRRRRRRRRRR

11111111111111111111111111111111111111111111111111 11111111
11111111111111111111111,111111111111111111111111111111,11111111111111111111111111111111
·111111111111111111111111111111111111111 1111111111111111111111111111111,11
111 er 11111 111111111111111111111111111,111111111111111111 111111 11111111 111111 11111 111111,
1111111111111111111111111111111111111111111111111111111111111111111111111111111111
1111111111,111ο11111111111111111111111111111111111111111111111111111111111111111111 11111111 11111111
1111111111 1111111111ς11111 (11.1 11111111 11 RRRRRRR 1111111 11111111, RRRRRRRRRR 11111 111111 11111111
111111111111111111111111111111111111111111111111111111111111111111111111111
1111111111,1111111111111111111111111111111111111111111111111111111111111111111
11111111111111111111111111111111 111111111111111111111111111111111111
1111111111, 1111111111111111111111111111111111111111111111111,11111111111111111, 11111. 11111
1111111111,11111111111111111111111111111111111111111111·111,11111111111111111111111
· 1111111011111111111111111,11111111111111 RRRRRRRRRRRRRR 11111111· 1111111111 1111111 ,1111 1111
11111111111111111111111111111111111111111111111111111111111 111111111111111111
11111 111 1111111111111 111111 111111111111111111111111111111 111 R. ,11111111111111111

111111111111111 1111111111111111111111111111111111111111111111111111111111111111111111

1111111111111111111111111111, 111111111111111111111111111 1111111111111111 11111111111111

(1111111111 11111111111111111111111111111111,1111111111111111111111, 11111 1111111111

*mmm-«m...

111111111101111111111111181111111111111111111111
L. 1111111111 111111111111111 111 1111111111 1111111111 111,
11111110111111111111, 1111111118 R RR

RRRRRRRRRR 1111 111
1111111111 RRRRR, RRR 11111 11111, 1111111111

 

