358 50131 3333333 3333333 3333 3333 55555555 5555555555555555 5555

[ 555555555553555555 ἕ·’··

’ 555555 55555555 νζ55,” ’5 ³ ¹²„

3

,Π 55 {3333 55555555 5555555 555,

5555 133333-3—33333333 555555555 3 55,

‹33333'33333333333 33

33 555. 33333333 3333333 33333333 3333 55555555 5555555 33333333 33333 333333333333133
5555555555 5555555555 (55555555555555555555551555 555551555555555
555155 3333333313333133333333333 5555 55555555 55555 5555 55555 55 55
55511Ἷ5ἶ 3333 5555555555 555555 ³⁵ 3³³³33³³²³3 5555555555 3333 5555555555,
5555555 1555555555555 555555 55555555 55555555 3333333.

33333333313 5551155515 3f33‘333313333 33333133' 151555 5555555111ὲὲ 5555ἕέἷὲ 555555555555.555555555 :333 33333,
333 1⁷²? 55555555 55551 ν 5 55555 333

 

