· 111 1111111111111111111111111111111111 . 1111111
111111111111111111111111111,1111111111111111111111111111 11 1 111 111111111111111 11111111 111111
11111111 11111 1111111111 1111111 11111111 11111111111,11111111,1111111111111111111111111111,
,Μ,1Μ11Μ11111-,,,,,, 3101300'1111013111303 1333111133133331131113333

28. 30311330 11111111111111111 1113110 1111111111 014311 313111111311· 1111111111 1331111113330
11111111111111111111111,1111 11311113 1111111111 1111111 11111111111111,1,1,11111111111111,
1111111111,1,1,..1111111·11111111111111111111111111 1111111 11111 111111,
111111111111111119)11111111111111 1111111111111111111111111111111111111111111
1111111111111111111111111111111111111111111111111111,11111111111111 111 11111111111111111,
1111111(1111111111111111111111111111111111111111111111 313113113131113

1111111111 11111 11111111 11111 Μ, Μ
11 ,

q11013 1111111 11111111 1111111111 211,1, 11111 1111111 1111111 1111111111.

31 33 1 1111131131 131 1133- 11111.

1111111111 1111111111,

29111111111111111 3333433- ,Μ,,11111111111111111111111111111111111111111111111111
1111111111111121411111111111111111111111111111111111111 11111111 11111111
111111111111111(;11111111111111111111111111111111111111111111111111111,111111
1111111111111111111111111111111111 112111 1111111 11111111 1111111111 11111

33ss 3 *3* 13111· 233111 333113 1· 13333113 w33 3333113 23„ 13331131 113111.
11111111 111 131033331113110111 11111111 1111111111111 1111
3323 1 1 133111 2331131 3331131 1331131 5331131 1131131 1111.

911111111111111111111111 -, 1131 {W ,,ξ,Μ,,, 1111 3133311 11111311
1111111111 1111111 1111 111111 11311111 11111111 ’

211 1131123331313131311 1111111111,
33²¹ 1413334421334344 43331413 3²²3 4131 ’

121113 ,m 3³m3131331x43311 11 4

311Οᾶ1311111 111111111111111111111111111 31011103331130111111 11111111111111, 1111

 

