212 2222221121121112122222211122222221212111112222211222· [1111
Μ ,

112 111 111111111111112112,1121122112
211111·11111112121121111121211·Ν2111111-
1111112111 1112 1111221221121

11221121111111211111121121112 2111 2112 1111111211 211121 11 121
112112 1122111111 121111221111,21222111211211222111111
11121112,1”11111112112212221 1121211212 11121 222, 11211111
221111112111211211211122112112(1222112112111 11331111 1111111112

2. Les 2211111221 1112121212 22 1121111112111111 11121 111111· 111111· 33333333 ,1,1
1111222112 1221112 11112 12121111· 111 2211 ·111·1 11111211 ,1111121 3 ,1,1,,,,

2111112121 112111 1111
1121111112 1112111121, 1122221 112111 1112111 111212112·11 111111· 11 111 1111111111· ·,11111·1 1121·11112 12211

21111122 1122111122 11111 2111, 1211112111 11112
22111 1121112112 2211112212, 22111122 11122 2121111121111111· 0333 1,, 3333
21 1111 11121112 2211112 1211112 1112 1 2111. 111· ,111111211111111111211
2211122222, 11112 22111· 1112121112· 2122112111· 211211 313 111111 111· 211111 11111111111122
2212112111 11111112, 2111221 2111,21111222·11’1 11 11121122 1111111 11 33
1112121121 122 la 2211111111 112111 221211 122 ···1 2331 1111 1112111· 11121 11· 11111», 121-,1,
2122122211· 21112111· 112121 1112 111221· 112· 11211211 11111111 11111 11112111· 12 11111· 112,
somme 11221112 1222112211 111111131111111111111113113111111111111111111111 21111,
pour 12 1112111221 121 1211221111211111 1111211 11111· 111 2111111122

1211221221221211212122,11221211221122221111111111111 111111111111311111111111111111111111
de 221 2211111211111211111·1111111121· 12· 21111 111121 1121111112 12211111112211

1³}
nombre 211111 22211211111111111111 112 1111 121· 1

(1211111221, 211 22122 311310111 2111( 1 1121· 12· 111121 111111. 1211
11211122 1112122112 11112 1122112 1122, 11122121 1111·

'111 1112 111:- 1211121 1112121 1 2111111, 1112211111121111
12

11 11111211111121

1112121121 111111 1121111122, 12 2111221 112 [11 1122111111 11· 11 1111111 111 11111111 1111111112
12 21111 2221222121, 112111 21121122 21111 1111 11122112 1112121211 11111111· 1 111 11111112
amon dessein.

3.131111011111111111111131 [121 111111311111111111111111111111111111
2111 nombre 2121111211 12112211 711111131111131 1211211111111 1111 11 31 11111 111111 2211111111
11121111121112221112 311113111133311131111111111131 121 11111
il3==311s1 1, 2111221122[-·1·1·1·,111211 1111111111112111, 22211112
11111111 de 11· 111112 1122 1121111122· 12211 211211 21211211 131111 11111 112 11121111, 12221111·

13101111111111011111521131111111111111111111111111111111111111111111111111111
1111111112’ 11 (1211121211 1111 1⁴¹ 1112 1117,(2122,111111222 1111211· 1: 11111112 1·1111111221211,111·22
111111110113 1222,,.11222111211111221112111·1111111111 111111 111 111111111
1111111112121121,Β·11112111,1121111222111,1111 ,12111111112111111211111122121221112,
121121 F 11

 

