150 55555515151555 15115155515 9999999 999 999999999999999 99999

33 3319919399· 99999999193399 9991913 339999 9999939· 31999999 33 339
555151111551551 9,33,9,3 9,,999999999999939· 9939993939999 3999

99919999 393 9939999 5 55 39919999 (3399399993. 11911939 5511 9399 52in 11115511515555

am Q
5555 31,
9993
&mfflQ
555Q

999.

3399139939 999 9999 993 155101155055555155115 91931 31 L 5151 15 51 11115111111111
9991939999 9, β, 93 939999999999 5511151551115115 515511111511111 1115551511511555115'111 5155
9 93999999 5555. In 99939 99999 33999 31 99999999 11555551 99999999 99999 399991 9999999
3199999 99919 9,·99 9999993399 15515115551111 193933391191 11515 939 999 9993139999
551151 13, 99 9993913 99999999 55 39999919 919119 1999999 919 9999999999 1115‘11115 5511 9919, 55
139 99999 391993 5115 55515151551111 9·99999999 99199 9991999 9999939999

55 Ex 55155115 9999 9, β, y,
9993999 99399 9993919999 339999999999

3399999 9999993399 339 9999191 99399,
prioris. 5511 999999

3939, 5555 999991 511-151515 555515511115555
9991919999 1,5551151l 3999 9999991 511115 99919399 999
3 11555115 51, 9919 55511555515155551 9919999999

fflwfflss

fflmm÷ffl5
fflfflffl5Wffi
fflmm÷ffl‘

„,55,(„5552::5)⁰⁴¹‘

99 9999993199·

93 vicissim

,999 2„ (m ,, 5(11*·⁴1))⁰“

1

5555115511155515551 99999999999999 [5 21] 5555

511555'¹==25“⁴³ 99393

 

