157—158] DE 54541410411 NUMERORUM

5538Q344444244343445 40 47Ι48

120 127 138 140 147 154 161 180 178 184 192
ΜΙ 444,ψ 444 444 444 444 444 444 444 444 1

444φ 4444 1445 1445 4444””4444 4404‘11451535 4444 4444 J

1002 4747 1808 Ι

4444 4405 44444444 4444 4444 4445 5154 5155 4444 4444

.„ 5102 5731 0430 71008088 8040Ι 3333 ,11044 120411553414550

3334mm> 8015 3333 4242 5018 5554 0012 8070

10 12000 14003 10028 10460 22307 25008 20202 88401 38047 4321445037
” 4444Ι 55154055 4444 44441 4444 4444 5555 44444 44444

44 4444444444*144444444444444144444444447 μ V

J 5555 4444 4444 4444γ 44444
04370174381-85711

Ν 20015 Μ31185Ι 07338 44588Ι 58174 08201 75175 80134105558124754147270

 

