Ἰ ¹ 5055055 555 555555555555 .,

mamr- -w u--ua--u-m-um-,m „mm ..wo-*e- -υ--ι-ω „ww-muno«-

11111111111111111116011111111111111111Β11Β1111111111111111111111. 111111111118111,1111111111
1111Ζ1111111111-111111111111 411Η 5555 1555, 8111111111111 1111 1111 1111111

1, 11111, 1111118
5115 111111 5555 1111Β11111111111

2114111, 3²⁷¹ - 211, 4114311, , , ,1411111 4- (51 1111.

W'51511 11111 5115 111111 durch 41141 11111111, 55 111555511 5155 5515 555555555, 11. 5 55
1555511515551551 (11181811111111111111,1111114141 1111111111111111111111111111111
11111111, 11111 1111111111 Differenzen 1111 0111111118 211 11111 111111 11111811111111111 5 551
1111111110 duroh die Ρ1111111111411Η 1111111118.
Β11Β11111, durch den 1111111111 11111111 8111111811 555, 5511 5555555 F5555 111111 555
5155 zu sichem, 55 sich 555551155114551 515 5515515 1555 (5555 155 111111 1111111111
oder 515, 555 man 111111 sagon kann, die 111141 81111111111111 5555 5 1111 11111 1111111
55

4551 sei, 111 11111111 11111111111111111111111111111111111111 ‘55555 55
Β11111 der 5555 1111111 111 111111111181111111Β11111111111111118111 11111111 55 515
,, 1111111111111111,1111Β1111111111111111 111111 1111111111(111111111111111111111111111111111
1111111 1111 1111111111 11111111111111111111111111111111111811111111111111 55 5555
Belege 555 515551155 Abhandlungen 555 (Β 55) 1111 555 (5 55) 555555 5555,
11111111111118111111111111 515 Summe 11111111 5555 1111111111 11111
1555,5155555555555151555513 11111111111Β11111111(1111111111111111111111111111111111
1111111181,11111111111111111111 Τ11111111111 1111111111 555 11118118111111111 1111111118
55, 50 11111111 man, ohne 555 1111111181111111111111111, 1111111111 81111111, 515 55 555
1111111111Β111111111118111111.ΒθῑΤΒθῙΒῙ(111111111111111111111111111824211111111 11111
,1118111111811 worden und 1551 111 1111111 11111111 5551 1111111111 1118, 555 5155
15 ,11111 111111111111111111111111118111111 5555. D5 1111111 55 55. 11111 111111 1111 11111
' 11111111111111111111111111818181,1111111111111111111111111. 555551555555555155
, [1111111111Β111111111111111111111111111111111 8111111111 81111111, 555 555 555 5115 811 5555
11111· 111111181111111 11111 4111111111 11118 11 11111111 (111111181181111111111111 1111111111 11111111
11111111111111111111111111111111111111111111111111118 1111111 11111 1111111
11111111111111111118111111111111111111111118111111111111111 1111111111118111111 1181111-
1111111111 551 81111111111111Β1111, 5555 515· 11 1111 5515515555 515 11111114 1111111
1111111181Β11111111111111118111111111 5015511 111111, 11111111 55 1111111111 1111111 5555
¹ Ὶ1111111111111111111111111111111111111111111111111111111111111111111181111111111811111118
111 die 41111111 11111 1111111111 111111811111Ἴ4-4 ’11111184 ’,11 1111111118 1118111111 1111811111
·¹ ¹155 1111111Β111 1111111111111111Ρο111111111111111111 5155 1111 11111111 1118111111
Ικ 8111111, 111111 5² 11111118 5555 555 Β1111 1111111 555. 5D55 1111111111 1111
, 8 5515 511¹- 155 ein Β111, 5Dabei 5555 11Β1111 1111111118 111111181111111118111 11

 

