666 666 6666 66 SUMQQ

6661012106 6

96. Quo 616666 66666666, quomodo 66 his 66661616 numero ,16666666
66666 6661666666 6966666666 66666666 finibus 66 quidem 666 maior quam
ψ 661 ζ oriatur, 6661666666 6666661666 aliquod 616666 66²* 19, ¹ 6616 6ξὲ 2 9,
6666 66166 66666666 ¹

’1, 4, 9, 16, 99, 96, 49, 64, 61

66166666· residua
1, 4, 9, 16, 6, 17, 11,ι 7, 5.

6 66 6, exquibus

1161666 6666 6666166666 contemplemur 666 duos numeros
16666666 primo 66666 6666666666
6, 6, 66, 626, 6166, 6666, 6666 660,
6, 66, 916, 1996, 7776, 46656, 979996 666.

Ex 1116 6666 666· pm 19 divisa 16666'166116 6661666

6, 6, 6, 16, 6, 6, 66, 6131 ’
6666666 66111666 6661616666 6616666 16666166, si praecedens per 6 6616611666
66 6669666666, 66 666,>16, 166619 6666666666. Simili modo ex 666666666666
666166 6 6666 6666166616 6666666

6, 17, 7, 4, 5, 11, 9, 16, 1.
Porro 61 6666 6666616 residua, 1666 singula superiora 66161611666666 66

66, iidem 66666666666166; 6667616666666 enim ,

66666666 infra 19 6166666666
1616666 66666 primo per 6, 6616666 6, 11, 17 666, 66 66666666,

[66 6: 6, 616, 1, 616, v6, 1, 6, s
per 6: = 16, 6, 6, 6, 6, 6161, 6,
666 11: 616 1, 6, 16„ 6, 4, 6, 6

per 16: 7, 4, 611, 9, ¹ Ἰ
per 9: 16, 1, 6,17, ,ε

per 6: 6, 6 6, 616, 1, 6, 16, 6, ¹
66616 ’

 

