111· 1111111111 111111111111 Α Η 41442444

11111111111111111111111111111111111111111111111 1111111 111111111111111111111-
11111111111111111111111111110111111111111111111111111111, 1111111111 111111 1 l ((1
hae 1111111111 11111110 11ωο,1 111 1111111111 111111 1111 1111111111. 11111

12.Α111111111111111]111111111111111111 11111111111111111111111 111111111111111111(
1111111111111111111111111111111111 1111111(111111111111111111-111111111 11111111, 11111

1111111
1111111111 11111111 1111111111
1111111111, 111-11111111 111 1111,

11111111111111111111111111111111111111111111111111111111111111111111111111111111111111111111111111·

4³¹4- 1111111111ῃ 11111111 242 *24 1ὃ
4« 1111111111 1111111111
.„ 344444 11111111,

11111 111111 111 4244 111, 11111111(1111111111111111111111111111 1111111 11111111111111
per 3111111111 1111111111

(444444) 4444 44444 111111 111
”’ ‘m 44444 444.
α”’11«11ω·1’1,,1111111’1
11111 ergo 11111111
‘444444444444414 11 1((1,...1;,111111111
unde 1111111111
44 114 111111111111111111ἓ 11

11444 4-4144444 444 4444

44
14 44444444444444444
44· 11( 4444444 111-11111 ,

Hine 1111111111π-111111111, 1111111111 11111111 11111111 11111111

 

