444 4444444444 4444 44 444 4444444 4444 4444444 444444444444444 4140-44

004044444 444444 1

20. 14 igi 444 neb debir 44444444 4444414444444444 444444414414 4444 41144444444444144 444444
divisibilis per numerum 44, 4444444444 4444444· 11 44441 4444114444 444444444444 444444 4144441444
4444144140144444444441441444444444441441444444441444444444444,444444444444144444444444444444444444444
esseni divisibiles.

40444444444 ’4 4 4

211 144 4444441144414414444444444444441444444444444444444441444 44444414444444144444444444
44414413144444444144441444444414444414441441141444444444
444114144414444404444444441444444444444444441444144444444144444 444

lm4144444 44411 411144 4444111441
4444444444 4 4144444
divisibilem 1441414444 4440144 4444444444 14144 444144444444444444
(4441441444444 infra} ..447² 441} 34444 11 14 4444444144 4444 444 44444444 4444444 44444441
dem numeris 4414 4144444444 414444444444444 444144 4444444444 144144 444 4444444444 1
divisibiles.

44040444144 4

22. 1444444444 4144444444 444144141414414444444144444444444 41141411 4444441444 44114444
4444444444, 4444· 44444 44444 411444444444414444444444 444444444444444.

1110111111 444 4444

14114444144444441444414444444444444444444444444444444 444444444444 4444141444444444441441444
ee primorum 44†bb divisibilem 4444444 4444444 44444-4444444 4444 44444 4444444 41441 4444444444
4144044444 44444444044444 1141441414 44444 444444141144444444444414444444444414144444
. inber se 4444444444 4414141 4404 14404411411144444‘4424444‘44‘4 44414444 44
’ Sll‘l 1111111 0611144411 4444444 44 1404 444 4444444444. 4144444444 4444444144 4444444444,v
ipse numerus 4 4044 4444 eiusmodi 4444444444 44441 4441144444 14444144 444444 1441441411,
qui non 4144 summe duorum 444444444444114 11441 4444444444 444 4444444111 444 34
4144414114) magis 4<34 (14444444 4444 4414141 44444444 4441 4411441444
4< 3 44, 44444 propositionem 44444444444444444 4444444444 444 44444444 4444144 ,4444 4444 444 411
per eundem numerum 4 divisibilis 4414414444 4444444144 44444444 4444144441
neque mullO 1111118114).1144441444441444444411414444444444444444144144414444
simili 4440144444441414144 4044444440 444 4441444444 444444444 4144444444 1444144444
devenirebui, quee per numerum 444444 44114444444444 1444444444 44414414444444 4444444441

 

