Γ 111111 AM 4444414444444

m

1111111111111111111511 1 26211 21124 ¹
44444 Ρ( ΡΡΡΡ Ρ ³ 244431 241443
4444444444 1111Ρ1111111 · ((132 7.18.44
(11( 1 5544 5544
(11111111111111111111((11((1111111111 1 2924 2620

1111111( ' (11( 4444444444 Γ 44444 ((1111 (1111 11111111( (((111111Ρ ((1111-
ΙΡΡ( Ρ111Ρ ((111 Ρ( (1111111111 Ρ

44444444044
11111 1
1441 1

(1111( 11111( Γ((1((1111111111111111111111111111 cuiusque
((1111 ((1111 1( (1111111111 (11( numerorum amicabilium
111111111111 4 44
1111111( 4444 444
4444 44

(11(
44444444
4444 (1111( 44
((1111( 4444

444 l 44444414114044 (1111(101111101111111111

4444 444 (Ρ 44 111, quo (1((11ΡΡΡ 11111111( eorum 111 ’
111111( ((1 (11111111111111 (1444444

4444) 4 (1111111111

11 4444 (1 11111111( (11( 44 111( ((1 (1111( (1111111111 1111111( (11111111, (1 (1111(
(((Ρ11111 1 (1111( Ρ( Ι1 1111( ((1Γ11111111111(11111111.

4444444444
4444144 (1 per 44404444441

44.

((1 1111111111( (1111111111 ' ¹

Ρ( ((111 [11111111 1111101111( *jn --.(
((1 1111111111( (1111111111 111( (1111( 1111111111(

ᾳ Γ 11( ΡΡ 444 1( ((1 s44 Μ’ 11 m 444

τέΓΡ, ([11Ρ111 11·

1( 11( (Ρ (111( [1111111 11111ΡΡΡ (1(11(111(Ρ((1((1(((11(111(
444444* , 444 4444 (1111111111 (11νὶ101111( (ΠΗ-(11111 aequalis ’
111111( 4444444444 44444444444444444 (1 4·- (1..

,ΙΡΡΡΡΡΡΡΡ 1111111111( 1111111( (1111111 1( 4444444444444444444444 44444444444'44444 144

 

