33⁴6 ' 0330033330 Ἀ1111 1111111111,111111111111111

11111111111111111111111111111111111111111111», 11111111111111111111111111111111111111111111.
1111111111111111111111111111111’101111 1111111111 1111111.111101 333 033 1,·111111111111111
111111, quam 1101101 11111110 11111 111111111111111111111111 111 11111 111111 11111111 111
sed 111111 0111 10011111111111011111, 111111 111 11111 1111111111, 11111111 ,1111111 1111111111111111111,
, 111 1111111111.

1 Proposito 1101111111 11111110 11 11111 1111111 10111111 11 331111130303
0111111111110111111111111111111 11110111011111111111111111
11111011 1111110111, 1111 11. 130 33 111111 1111111111 033 1111111111 3333
1110111111011,111110111111111111111,111111111111111111 133333033,
s0==133 11111111 11111 1111111111 111101 11 1111111 1111111111 111
1111111111 1111111101 11111, 1111111 1111101 11111 333 111 1111 1111’ 1111 11111 111
1111111111, 1111 11111111 333 11111111111111111111 1111111111111111
111110 1111011111 11111111 11111111 1111 111111
1111111 1111111111 111111111111111111 111111 111111 1111111111
1111111 11110 111 11111101, 1111111111 1111111111 30 11111 111111

11111111 1111011111 1111111111, 11111111111111111111111111111111111
’ 1111 s0<23

3303 111

³3 111
11111111 11
3333

11111 *1111

2. 1101111111111010 1110111 11111111111111111111111111111111111111
(11011111111111111011111011111111,11111111111111111111111111 1111111111 11
[111111111111111111111111 333 11
, 111111111111111110>211111111 1111111111111111111111

deficiens 111011111111111011111111111111111111 11111111111111111111

1011111110111111111111111111111111111111111111111111 1111 11
1111111111 111 11111111111111111,11111111111111111111111111111111111110 “
,1110111111 wfin 11 11 1111111111 1111111 3 11111111111111111111111111
10111111111111011111111111111111111111111111111111 ’
ergo 1111111 amicabiles 11111111 1111111111 11111 1111111 11111111 333
‚3030 amborum numerorum 333 1111111111

11111, 330 1 1111111111

1111 1111111 1111 33

3 (110 1111111 divisorum 11111 1111111 1111111111111111111111 111111 3333
1303333 id 0011011111111 111 11111 1111111111 11111111 111 03 111111
1111 primi, 1110111110 111111111111111 111111111111111111111110
’ 111611111111111111111311111111111111111111110111111,111 11111 1111111111

 

