SS-SSS 4441411144) 4441) 4141414114 4414441444 ¹

SSSSSSSSISSS 1

14 4111)(111Μ 1111111114 11411

1111 1), 4441414114) 1111111111)
(SSJS SS)''² :Sl pSSSSS 14141114

OOROLLARIUM 2

43 S 4111111 S 1114 414141 114 1))) 1114111) quoque hm 10111111,
(SSS ‹SSS SS SSSS SSS SSSSS) 1441414444)

111114

44 SSS S 4441)) S 4414111144 4141441))11)11141,41 1111411
4111114 11 (1141411114) 4114111111 11141114 111 4114114) 4131341111)
111) 11411444 41144 S 111) 41414 1114414141) 1114111111, 41411) sit ’

1)
S

41141444 1444144 441444)

SSSS,
11114) 414 441 441), 44141) 14144411 4111111144,114114411111411141111)
11441114 1 11414444114441411)14)),1441414141144 1114111111 4111111
pSS 44441441114411111114 41411 1))) 141114 1114144 11111 (114 411114 (11111111 ’
41(11))411)11).11411 1 1141114 141114) 11141414 414 4111111 11414 41111) 11111 11114144.

414 11411 1111) 1111)) 141, SSSS utriusque 1141411144

SS SSSSSS 11

SS 4111 (SS )SS 41444111 4111114444 1411) 1,44 41114)
4414144 41141 S 1411414) 4141

1111114444 SSS 111111

1141441) 414 141114414414111411411114
SSSS 4144 4411141) 21441 4111111141 141114

S 44 Ὺ· 14411441 1

SS. S 411 11441) 14414441114)41144121411144411
4141244- 441 4414441144111 441 414, 'Sum formula SS--Sl
4444144 141111 1 SS 41,)ῑ 1414111111) 244) 41 1111111 numerus primus.

 

