183 333 3333333133 3333333333838338 2222,

23333333 3320 3333333331232113(1313333333123331 338 3833383 3333323223
8333333188.

3, 3

88²⁷ 111 1 3333 33331 3833333 3333333313 83383333 333333383338338

2316, 38 23,31,3133333 (333333333338838383333133333333338833333883

831823132 31331333838 2133333 8888 138888338 11331333, 3323 31113,
pm 5 33333331333333333313333133113133

2.,333 23 3 333
3338.

83383838 838 2

38. 83 3,3 312, 8333 3133361 33131333,’ 3838 3833 8333338333333333
amicabilium 3308 3333333113, (133333 3383333 13133 38 13,,2“.“133333331333133331
3, -12 331 ,13 331233

3921, ψ16211, 62ν,2122“,111),3 112ι211336,;212ι2σ33133,

’ 33333333

2, -3 2,2,3333,3 3, 1,.3, 3883 2120113

3313133110333233233313133333333333233331 33132331333333116331313233311
381, 338 3333313333233333, 3383 633313113133313133

ἔ 23122231 21281)

, 32321.
’ 3,,3333, 3333 3083 33321, ·

1131024,

333, 3838 3333
3338 33333 ------

 

