999 4444444444 9919 9999 444444 4444444

99) 9⁴99* 4 4444444444 4 4444444444 4 44444444 4 4444

capiant 1444444444 W 44’” ’44444 4444

ζ8) 9⁴9 44444τ 444 4

9 444444 ’

99) 4444

X 919 9911999999 9999 44 ’

ΡΡΜ, Μ, 44444 4444

4444444 44414444444444 444

4444444 44444 4444 '9‘ ⁴

4444444444 4 4444

4444) 444464444444444Ἲγῦί4 ’ δ
99) 4444444444444

4444444444,
91999999 44444444
9 99 919999999
9999999999 199 44444 919999 4444 4444444444
4444444444
99999999999999 99
11. 3199 9¹9 99 999 9 99919999999999 99999999 999999999999
444444 9999 999
44’4”·4444“’4“ς „99 999 9 4

99999919099999 4444444444 9999 . ,4

 

