11111111 111111111111111 A ' XXIX

unu- mmm-0 numu-mu- -ον-ν-κι- ww.. «a ...o-..q- ‹uu-‹— -v-—s-„a-v-—v-»mu-a--v- vvvvvvv nauffinna-«⁶.- ................

1111 1111111111 216 1111111111 1111, 1111 111 11111 Au sprAAhAn 11111 11111, 11111111
11111 111 11111111111111111 228 11111241 111, 11111111 vom SAandpunkAA 111111111111111111
aus. VVAA jAnA 1111111111111 11111, 11 1111111111210 111111111111211111. 1111111111111
111111 ’11111 1111111111 Ae 1111 11111111111111 111 1111111111 11111 111111111111111111 1111 21111111 1111111
111111 111 100 1111111 111 11111111111111, 1111 A 111111 1111111111111 111111, 1111111111 11, 1111
11 1111 1111111111111111 2111, 8111, 18111, 11011,2 11111111 111 100 1111111111,
11111 damus 111 1111111111 111111111111111 dieser Ζ111111 1111111111 1111111 1111111111 zu ge-
AAAAAAA. 11111 1111111 111 lgen 11111111110111111111111,11111111111111Ζ111111111112,1111
11111 111111111111111111111711111 211112 1111111111 1111111111 11111111 11111111111111111,
1111111111111111111111111111111111111 1111111111,11111112111,1111111111111111111
111111 111111 211111 1111111111111,111111 prim 1111111111. 1111111111 211111 111111 11111
1111111111 1111111111 111111 1111111, 11 111 11111 111 0111111111 von 111111111111111. 1111111111-
1111111111111111111111111111111111111111111111111111 11111111 11111111 1111111111, 1111, 1111111 211111
111111 11111 1111 1111111 111, 111 11111111111111111 111, 111 01111111 111111 11111Ρ1111111111
Aeser Form 111111 111 Ρ111111111111111111 11111111111111111111111111 kann ψ· 11111 1111111 wie
111111171111111111111.11111111112111111111111111111111111111, 11111 1111 1111111
11111111111111111111111111111, 11111111111111111111Ζ1111211111κ1-1Ρ1111111111, 1111111111
1111111 Ρ 1111111111. 11111111 11111 1111111, 1111, 1111111 11111 1111111111, 111111 111 1111111 2111112
111111 11111111111111, 1111111111111 111111 zahl 1111111111, 1111 ohne AQA 1 111111 11111111
11111111 1111111 111111, 11111 11111 1111111111 1111111111 von 1111111111 11111111111111 1111111111
11111111 1111111. 11111111 1111 111111 11111 wieder 111111 111 1111111111 11111111111111111 1111111111

(11111 111111 AAA 1111111111, 1111 Aine 2111 von 111 111111 211111, 111 11111111 1111111111

11111111 111 0111111111. 11111111. zu 0111111 1111111111 11 1111111111 111 1111111111111111111111111-
1111111 1111111111. An 11111 1111111111 111111,111111111111111111111111111111111111111111111,
1111111111111111111111111. 11, 1909, 1329,111111111111111,11111111111111210111
111111111111111111111111111111111111111111 111111111111111111111111 1111111111 1111111 1111
VVAAAA DJAAAAAAAAA 1111111111, Cambridge 1910, 1111 111 1111111111 210 1111 1111111111
1111111111(1,311Μ114), 1111 111 11111111111111 1111111 1111111111111111 1111111111. 01111111-
11111111 11111111 11111111111111111 11111 Ι 111 111111 1111 11111 111111111111111 1111111111111111111
111, 1111111111 11111 AAuAiAorum 11111111111111111 11111111111111111111 1111 11111 111111 111
11111111111111111.1111111111111111111111111111111111111111111111111111111111111 1111111111
111111111111111111111111210111111 1111 111111 11111111 11111 1111111111 11111· 1111111111 1111111
11 111 1111111111, 1111 11111 1111111111, ohne 111111111111111111111111111111111 und 1111111111
11111111(11111111111111111111.11011217).011111111111111111111111111111111111111111,Ἰ
1111111 1111 11111111 1 11111 111111

1111111111111111 210 haugen 11111 AngsAA 1111111111 111 111111 angen 127 1111 123111

11111111111111111.0111111111111111111111111111111111112101111111111111111111111111111 ¹

1111111111111111111111111111111111111 1111111111111111111111111111111111111 1111111
1111 11111 1111111111 11111111 21111111 111111 111111111111111

 

