50 111111115511111511 1111 1511111111111 (00 1551511 1115111 [155433
151111151115 (0( 511111 5¹11 1511115111111515155115115 (1(οι 5555 111155151111551 00 11115511155550
111551511111115111111511111551511151111111515115111115 5111151115

(0((0 111 ³¹1 »ιιι 11151111 11155155'511 5 5151}

1011 55150155511515115511151115 511-..551111115111151511555155 1511151115115 5555

((οο ((ηο(0 55515515155 51151551555 1155155 5115111151511
115111115.

511515 11101551115³ 00-ιοτὲ 115 ((0( 111111151151111 51111155
51155155 15551151155151511111‘1151111111ffi511111111111111 111111111 5111511111155155 155

5555 111 5111( 111555555· 5 511151115115}5 10100( 5151151555555
1³-1³³-⁴⁵5515³11111515115111111‚ 1111515³511 0 15 511111

151511111
1015111--5551 551511151511111,1111151151151 51151151111111111151155111151111155
15 (0(( 10115115155 5115111111115551511511 1555115 5 51115115515111
(ιη(’,( ubi³11055111511111111 11551111111115 (0(( 5115515111115 1111511111
1111551111151151115111515115111511111511115511515111111115115, Q5155151 (0(( 5555555111115
51515501151151⁵55³2st1³5³5³55151³51½ 51³5³5³ 5511111³ 115³ ((0
111 51010155 5115511151111111 50111111511111111155551551155111115511515³51³³l³³11 5515.
155555551111515111551511511515111111515555555551511551555111111555'1151111111151111511151·511
5111,q1115 5115151 (0(( 55151111 11111515155 5551 ((0 (0000( Q. 11, 11

15511115 5555

51555555

1
1

COR 111111 ,1111111111 1 1
111115110511511 11155111155 111111115111³5³ 11³

0)((000 551 511511511155
5555110111105511115,q1151111115115555511111111111515 1

511551,111111‚ 555515151'51515115111'

15115151111111111

51· 1555111· 1100( 5555 (0000( 51111511511111
⁰1111111211111³5551111515515515 51055111115
515511111,1155 1151111 151115³³5151l11155 ‘215³'51155

1155 ((0000ιι 5515 ³115 (0((
1151551151 155155 1111515
>1111 115 15151555 ((0( 511551 1115

1151105151111115 5

'P011111111151111111-511551 132-11 555111555 Μ”ῗῃῗῗὺ

(00100000 5111) 0000062000- ιι((0()(((ἰίι” 551

1,, , 11111 11511511155
‘215115-115551-5-25555

‚51151151515155550 5555 11515115

1) 5015511 11555 515115155

151111111 501111115111111111151115-11555511521 155 000
5105 5115 (0(( 511511511111

 

