m

400 014 111111101111111111111111 4¹.³''³⁰“‘¹3² ’ ³

8 Aggrediamur ergo 110110 411411140111 4411 1111111111 ,11111111111

1111111111, 11101 1111111111111111111111111111111111111111111111111111-1131,
111111111111111111111111111111,

(11101111111110111111111111111111111111111111111111111111111111111111111111111111111111
00114 14404104 4410 00110 01140110141 1111111111 11 111111 444141111111144 111 111111 11 1111 1111111111
414411144441411 1, 2, 3 4, 0, 0 040 41414144411 014441414011441110444144 44 100
expressio

1111111111-11111111 4 11

440001411144141100410410 1111111111111Η1111111111111111111111111

επ 1 1- ,111 11” 1 »1 44¹³ 4- 1114 1 ,1111 444,

014444410

42444444444444442.

quod 111-1111111111011111111111111111101111111111111111111 1111 1111111 1111111 11 11111111 111111
41044040411111 011 0144 4041114414 011140440414410 111111 111, 4414 4441 1111111111 41414011 11111111
44104110 1 011111441411 44414141141 1110111111111111111111111111111111111111111 111411101411114'0
. 40441404411111304014144 0040411 4040· 11111 440414414 10001404044410044·‚ 111 1111111111
111111111111111111111111111111,11110101 00 4104014444 141014441 4144 4114 14114410411411
4004440 40111141140 4441414 0044441404 11111111 1110 144-1444 014 10111 111111 41401404100

11111111111101111111111111111101111111111111111111 1111111 1111111111 1111111111 11111111 ,11 111
4444 14410414444014 404104404111

κ1ῧ1-14111112111317-1-3111111141111*
0111111 1111111 111111111111111111111111, 4401441414 1101 4 1111111111 4414 11111111
44104140 1 04444110400 111 0444 4104400 4110044440400 0141

00440 111 infinitum 004441141040 0410 legis 4014 040011
111-1111111111, [4110 41014410111 1111111 4014 00

1041014 1111111 1111011111 111111 1404
111111 1110111111 41104140 1111111
4044414144111

9 1111111111 deinde O, 0001 404414441 01141444 4140441 11111, 4411440 0111111111
4011144 40144141140 4114044110444440 4400 4· 414434001141 44411141141 1111111111, 404404014 04
00140 41040044 111111Ι 11111111 1, quarum 044044011400 11111111111111111111111111111110
1111111111 0041100441104441111. 41444444444 111111111111111111110111111

’ 111, q1104400 111111 011410110140 111 11111111 1111111111 4414· 00400044110444110 4141 4441
440410114 1001114410 41040444, 104014041114410 ,

121111111111111111111111111111111111111.

 

