4445 4444 4444545 441444441444

3 5 7
N44M Μ ΜιΜ Μ Μ447Μ 94744 54445 ffiyssmssfflm5u 9747 97Μ44,9944474
1 '
3 3 , 44-444444441.. m

Ι
445 5445-44 454 74 444 543 4441
444777. 4 4477 77. 7 4447 4447 4447447 “

7399 >5 44 19 717 49797Ι 4³ 9 999 41Ή 545³ 4³·5·14·151·1505

447 ῗ4- 444 ‘ 544 333 7 3 33 . Ἣ

, 11 5414·441
7774 4444 4444 44444544

5447 4744444
3979 79 9 199-1479

1979 9 7 11 155451 5418 42·13·541·11254

„mmmm-...mmm

4717774 447 47447 ΜΝ*
477 44 444 44774444 445
777 77747 47 44 47 7477 474447 74444

44
454 4
4447 474447 54
444535544 44 5444 4
44444 4

“nm-w·- mmm—mmm...

7 47 4747 47 555 477 44
4455 4 47 74 7444 74447 4477 77 4744 ,
404 77 -4..44 4444 44477 47 7444 444 445 4477 4747. 4747. 44 45

Μ’·’ἈΨΜΜΜἮΜΜΜ

445 177 474 4 55 544 2²54?
419719 14544 4395 9 44544 5337 31.10243
4447 774 ..4 7. 444 744 447 4 474 4774 5553 474444 47 4453

444 7444 77447 444 4454
4447. 444774 444 74. 4447 77 4444
4 7474 447.7 44 4444 7444 447 44 444 4447 774444 444444

444 77 47 ¹ 77 444 7747 '5544 7744 44
4747 7 }³ 4447 7. 4544 4747 4 4 405 451
47 7744 444 47 444 544 4747 47 44 45 444444

μὶ444 4 Ὺ 444 774 Ἡ477 4477
44 4 -77- 44 444 74447 77. 7. 4447 4777 444 4444
4554 747 .4..447 44744 ὶ47 47 47 44 74 447 4777 474 447 477 447

454 ³³ Ml

maa-1..

1

‘¹ 54 77 477 9447 47 5· 77

'4555 19 444 799 455 554² 544 451

4199 Q5 99 5 7 45504 597Β 2³ 5- 5 4⁹ 34454

444 44 144 44747 ’99444 447 44
4447 7. 44444 Ξ447 44 4544 4477 154 4444

4477 774 54 454 3544 47 7447 474 474 545³ 47 77 47 44 44 444

777 ¹ 55 747 44 444 47447
4117474444 7747 447747 4447 7 44444
7719[4747474444 4447 4 47 44 444744 554³ 47447 44 44 474

747 ’77 444 47 ..7

mmmm-mm...-

 

