11:133331131313133331313 11 Ν 33133131311
ΙΝ 313 1311113 81181 3331)

11111111111111111111111111111111111111
(11111111111111 1111111111 1111111111111111111111111 111711111711,11.1111111

1111111111111 111111111111111111111111111111111 11311113111113111
1111111111111111111111111111111111111111111111 111 l 1111111 3111 ¹

divisorem 301111113111311.

333033‘3 1

1111111111111111111111111111-1-11111111111111 11111111111111111 111111
111211111111111111111-1111111111

μ ιακκκκανπωυκιψωμηηψωιωψ

111111111111111111,1111111111,11111111111111111 131 11111 1111111111 111111
111111111111111111111111111111111111111111111111111111111111112111111,
2112271272 1111111111111111111111111111111111111111111 111 11111111 1111
1111111111111111111111111111111111 (31313311111i1318,1183‚p3 111 1111
3713 1111111111 131333313313137133 313173 81:113 11111111 11 11111 1111. 117111)
17811117 51111111111111110111111111111, 33311014 1111111111111111111111111111111,
1111 371333833 1111111111 11111 111111 11111111. 1,11,1111111111711,11111, 3· 333, 11
'(1113),1113‚p333, (11111111111111111,11111111111111111111111111,1, 3 11111111, 1111.
31 333.

[783013133733331133773 11 1111111 31333 11 11 1111111111 331 131333311 1111111111 1333 337
111111111111111111111111111111111111111111111111111111111111111 1. 7:731 1133 1111111111 1111111111 33

¹ 1333'31'3 1111111111 1111111111 1111111111 1111111111 111 1111--1 ,1111111111 1111111111 11111111 1111111 1111111111
1111111111111111111111111111111111111111111 111111 111111 11217 13. 3.

 

