29ss ΕΕ UUUUU QUUUUUT 11111111( 111111( UQUUIUUU'U'UUUU [eq
1111( (1111111 11( reliquie MUUUUU 1111111111( 111 (111111111111111111( 1111111111, (1111111 111111111111111111(
111’11(1(111111(111111111111111,1111111111(11111111 11111111 11111111 111111111111111111 (1111111111,
(1111111111 1111111111 1111111111. 1111111111 ((111( (11111 11111111111111 11111111111111111111111 1111 (1111111111
1111111111 1111111111 1,(1111 (1111( (11((111111111111111111111111111111 1111111111(

111111 geeeeee 1111111111(111111111111111111111111111(111111111111111111 111111111111111,1111111111
1111111111((11111111011111111111111111111, 11111111(111111111111111111111((”1.11 ((111( eUeriee (((11 (111111 ’1111111111
1111111111( De] 111111111111, (111111111111 1111111111 1111111111 1111111111( 1111111111 (1111111111 (11111111,
(111011111111111111111011111 111111 11111 1111111111 (111111 (((11 (111111 111 ,11111111 (((111 (1111111111 111 1111 111
(1111111111, 1111111111 (111111111111111 eene (1111111 1111111111 (1111111111 qeee 11111111111111111 1(11(111(11(11,111 ((1111
1111111111111111((111-11111111111111111111(1111111111 1111111111111111 1111111 (111( (11111111 1111111111
numeri, (11111111111111111, (1111111111 1111111111 11111 (11111111111111111111 11111( 1111111111( Uei-¹ 11( (1111111111
eeee (1((111111111111111, 111110111111111111 (1111111111 11111111( 1111111111( 1111111111 11111111 (111 111111( .11,,11
((111( el (11111111111111111111111 11111 (1111111111111111 1(,1 1111111111111111111111111111111((11(11111111(111111111111111111111
1111 (11111110111111111110111111111111111111111, 1111111111( (111111111111111111 (((111 (1111111111 (111111111111111
1111111111111111111111111(11 (11( (11111111111111111111(1111(11111((11(111,111
eine 1111111111( UeneoeeUeeU ereeee 111111111111111 (11.1( ’111 (1111111111 (((1 (11111111 ((111.. (1111111111 11111111 11111

1101( 1111111( 111 (((1 eiusdem 1111111111111. 111 1111111111 1111111111 qqeeeee Ueieee 1 11111111111 11111111 1.
(1111111111111111. ¹)

Ue

⁴ 11111(11(1111111111111111(11((1111111111111111111(1111111111111 (11111111 (((11 (1111111111 (111111111111,
uerene 1111111111( 11111111 (11111111 1111111 , (111((11111111111(11111111111111, 1111111 ((111 111( 11111111.
Εο111111 nego eeeeee 11111 1111111, (1( ((1111(1((11,11(11((1111 (11111(11111111111111111111111111(1111111111
1111111111( (1111111111 11111 11111111 (11111111 1111 1111111111 1111111111111( 111111( 1111111111 (1111111 eeeeeee
(11((1111111111111111111(1111(11111111111111111111111111111111111111111((((111111111111,11111111 (1111111111
(((1111111111111111, 1111111111( 111111111111111111(11111111111111111111((111-1
((111(11(111111(111111111111111(111111111111111111111111111111111
(11111111111111111111111 11111 111 11111111, (1111111 (11( 1111111111(
(1111111, 1111111111( (111( 11111111111111111(1111111111 (1(

11111111 (((11111111111
1111111111( (1.1(111111111111111 11111111 1
1111111111( 111 111111 (1111111 (1111111

1111111111 qeeeeeeeeee (11111111 1111 eeeee
11111(11(111,111111111 UUUUUU peoqeoeiU 111111( 1111111 111111( 1111111,11111111

ei 1( (11111111 1111111( 11111111 Aee 111111( 11111111111111111111111111111111(1111111111 1111111111111111
111111111111111111111(111111111111111111111111(11111111111111111111 (111

1111111111111( ((1111,

1111111111( 11111111(
1111111111( eeeee (111111111111111111111 1111111 1111111111( (((1
(11111111111111111111111111111111111111((1111111111 1111111111(

(1111141111111111111111,(1111111 (((111-111111( 11111111 1111111111( Ue 11111111 111111 1111111111, 11111111 1111111111(

1111111( 1111111( ((1( (1111111111 UUepeUeeeieee, quode ((1 1111111111 1111 ee ee (11111111 11111111 (111, (111111

nulle opeeer pee- 1111111111( 11111111 (1111 111
U) Vide Uemmeeeeeqeem 241 heieee 1111111111( Ε. U
(1111111111 Ε U 7

(1111111111 adhue 11111 eie 11111( 1111111,111’111

1111111111( 111111( (1111111111 1111111 (((11 11111

 

