199 “ 99999999999999 99999999 999999* 999999 99999 999 77Q

999 numerando 9 prima α. 7777 999 9999 999999991999999119 9* 737
11, [999999999999939999999919999999119 911 777· 1919199999 9999999999 99 9999999 1777-
99999199, 999999 9119991999199999 99999

99 9999949911
37717777777751'1'
7777 τ’ζ
777-7777 1*
3777 199 919919
39 9919 999

1999 777
7777777 99911
19199
377177 9 7
777177 999

11999999 777 his 999999 9991999 777 999999 777 99999999 999999 911119 9199, 91, 7 919919.
prodeunt, 19911999999999191999

111. 177777777717 9911999, 9999999 7777 7777 7777 777 99999199
inaequales 99999999 919999 9119991991 9999999 1 199, 91 777.
91999999 99999991 9999999999( 9999999991 9999999999 777777 99999 99999999 777 9999199999
’ Vicissim 99999999 99 1919 9991919999 711777177 1999 1999 999991 99999919 7 7777 9919999

problema hoc 707 1991999999 777 991191 91 77717 777 77:³7 7 7777771771771 777
'77 199999

Def777'77 99991 999119 7777 7777 999 9999999999 777 9919919 9999999 77 7771 9919999
777770777 7777777777 199199 9999999991 777 7777777 17

999 (11999199 7707077777777777 (99999991 9999999999119999999999199191 9999919

77 9991191999 99999999 9999999999 99999999 9919999999 9991199999 99199 99999
onem resolvendam 9999991999 7777777777177177 7777 1177 7777 771 1 *Π

mmm-mm..

11111999199919999199 11999999999991111191 7777 77 777 99999 9 7 71777177 9111*
9999991140,1999999991199999119999999919,9999999111 ,1⁵³2> 11,

 

