161 666666666666661166661161166 6666666666 16666

„qm-..mmmm

,1111111 1111111 ,16161616 6166116166666661166611 6111,3 66161165 6111671111,

444 44444444444444 444444,u 6116 111
Ι. απ 6116116166 singulorum 444444444444444443 4444444 4444
66111-111111661-1665111116 665 4 4444,

(161116 661 1166116166661116 11161 1 111 1611161161666166 111166, 11111111
16 666666116161666 6661161666611611 16 61161 161,

11. 44: 6166616666 1661666111 6166 1116116 1666116161 61611116 4444
11 a 16ὃ -1- 445 -4- ‘4445 4 2445 4 11665 4 1116εἰ 4 4445 4 611655 Ἃ1 61161,

16161611666161166116161616166111611161616616166166111611661116111116616166
6166666661;611666111161666166611616611, 1611 661 1161166666111161111111
11666661166611666661166661611611661661616161611111611161161161
6161661111 6661616161Ι 111 6611666111111161111 611111 1616111 66111166111661161666616
ipsius 11161 66616 11 6611611616, 1166611 66661166 6616111116 6616116666 11161116 611 11616611 116
611166 11616· 166 666616616666666 66166611 6166111166 4444- 1116161 4444 6616 1166116111616666
duorum 4444444440444414 4444444440444444 66666166116161 1116 11661161 16111 1116 166111 11616
decimae 410404444444414 444 4, 6116161 444 116 6116 4444 444 6166611666 61116161
61661166 1161611161 1161661, 61616116

6661666 4
116 616,

111. 16 6611166166 1661616666 444 444444 1661611616 ,6661611 44 116116111161111616,
6116166611

44444454-44544445444454444 111 5’1616,,

161 qua 11661 11616616661116 4444444 4444444444 44444444444444 166166111611166166166111616611,
(16666661616111611111616611166616111616111666116116616161611666616661166611161611613
6116161161 1106611 '414 1166 16666 66166 661661 1161666 1116611611611666611116166161666166161
616166161661111166611116661616661666611666616111116611116161166166661 15116
1161661661 611 666116166166111 11611611, 11661661, 1611666166111666116161111666
partes 6661661666 44 11661161 1616611616

 

