⁴ 33333333333 3333 333333333333 33333333333 3333

33333333333333 3

31. 311111111111111 111 33 11111 1
11111111,1111111111111111111111 11 1 111111 11

1 11111111 111111,
111111111111111111111111111111111111111111, 11 1 1111

62 1111111121 333
111 11111 1111 11111111 (33 33
11111111111111μ1111 1111111

13 1111111111 33 1111 11111 3 11111111 1111 11111 111Ὶ 3 12
11111111111111;11111,1111111

1
1111111 11111111 1 111 1111111111]
33
1

”’ 1 11111
1 1111 3 111
1111111 3²3, 3333 3133 33 111111 1
3333333 111 111111 1111 3333 3 111 13
33333333 1111111111 1111111111 1111111111
1111111 1111111 11111111111111 11111 3313 s
2111111111111111111111111111 1111

111111 1111111111111111 11111111111111111, 111111
11111111 1111111111 1111111 11111 1111111 33 333333 11111111111111.1ι

11111111 11111111 11111111 111 1111111111 11 1111111 11

1111111111 11111111 1111111111, 11111111 11111111111111

333333333133 3331 1111111111 11111111 11 3 11ῑῆἸ

3⁷¹3 1111111111, 1111111 11111111 3333 1111 3333 3
11111111 11111111111111111111111111 133331333333333 11 3
1111111111 (333333313 33333331333
111-111 1111111 11111111 1111111111 333 33,
3331 11111111 1111111 111111 11111111

mmm* mm 33 ww

33

1111111111 111111 ²
1111111111 111 111111 v333113333

33333131353311343 111 “a ”3 3

1111111111111111111 3333333313333333333333333333 1111111111111111111 1111111111 1111
1111111111 262 (3 32) 1111111 11111111 3133 3 3

 

