248 99909191999991999101101919191919 1111111 11999911111199 ¹’‘JJQ ,111

111111911911099919199999199199991. (19, 1191999191 999 9911111199 919 1119199999
911 119999999

1191«1999-9991999-911119919919111
1999-9141991«999191119..11111,9111

«91919999991-991111 19
«9191919 9991999.ἲ 111, :91

1191« «199991 999

9³01 109 1991991911 91119 991 9999 1199 1199911199. (1,1· 11191991119111111 9 · 111, 99991919

90 „S

comme 19 19'g19 919911 99 9119111991.

8. 999 91919191999199J'99119119 1991 91191, 111 9919991919191 191111

1

9999119191999991199111991199999 19919999111911111111911199111111 (11· 19911·
1111191919,9119999919919911111199911999919191111111ω111 119911919111191,1199919111
91191991911919091991191990191199191911919111119919111111199191 199119199 9919
9991 19999111119119199191919911919191911991911 111111 191· 1119111 19919191 9991 9111999
1, 2, 5, 9, 19111, 919 9191191991 11991 991119199111 19991919 1191 99111911 911 91111191
1991119111, 911919 9099911919 191 (1999919 11111 (1199191111 91111 111119 9119
9991991119 99 (191999 1199199991 9119 911199119199 9111 1111111 999 9 99999 11

99;„191222,99,91,919 19999, 1,),1111,911),111,9111.1

11 9919911199 presque q11'11119 199111919111119119 119 991 19911. 1991199911911 9119919 1²1119
1199.119111119,19 9999 9111119 1111999119 911 1911 11¹991'91‘l19191111119p99 99911911191
19 991p11993 911 qu'il 991911 1999991119 191011119911111191191111119199991191111
19901199119 19991911919991199191111, 99991119111991199119191111111 1111111
99911911991991199919111911191191991191911999111191991 1111911. 119111 911991

que 99 9191999 999 1999199191111991191119919991919911911·91111191191199999191991199111
111919 9119 9911999 1991991199 (111999 1999911191 199111 1991911119 199111

quoique 111 91'911 19111999 (19111999 9119 9919099991199, 111 ’91 99119-119 19 9119191191
1919999919199119119119]1991991111 111111 111911 q91999 11191 1 9991991119

, 9111· 19 99911199 des 909199999 9 1911191199199991199 999'111111111111119 11191111111919119

9191119119

 

