1131-m115] ἣν IN 111* (1111111111 111-1- ΝΝ ΟΟΝΤΕΝΤΟΒΝΜ 207

1111Νο111110 5
1111111111 11111111 1111111111 1111111111 111111111111111111 1111111411 1111111111
11111111111111111,1111111111111111111 1111111111111111111111111 quam 4N 11111111 1111111111,
111111 111111 11111 11111111 11 1111111111111111111111111111 1111111411 1111111 11111
1111 1111111 Ν 111 1111111111 1111 1111111111 1111111111 1111111111 111 N 11111111 idoneos
1111111111 11111111,1111111111111111111111111111111111111111,111111-
1111111 111111111111111111111,111111 1111114Ν-ω111111111111111111111111

1111 1111111111 ’11111 1111 111111 1111114ΝΜ1111111111111111111
1111111111.

111110171'110 1

1111111 gN1111l1 11111 1111111111, 11111111 411111 111111111111111111111111
111 11 111111 11111111111111111111111111111111.)811111111111.
11111111 1111111111 1 11111111111111111111111111111, 111111111111111111111111111111111

11111111
1111> 11 11111111 11111 1111111111 11111111 11 numerus

1NN011N11N1

1111111 1111111111 1 11111111111111111111111111111111111111111111111111,11
1 11111 11111111 1111111111111111111111111111110111111111111111111
111 1111111111 1111111 11 1111111111 111111111121111111111111111111141111,
1,11111 111111 111111 1111111, 111111 11111111 1111111111 11111111111111 41111111. Ergo
111111111111111111111111 111111 111111111111111111111111. 81111111

1

11111 11111 1111111 111111 111111111111111111111 111111111111111111111111 1111 quae
N

1²) 11111111111111111111111111 171 111111111111111. 1111.

 

