9119991 1Μ Μ 1111199 1111111111 ,,,,,,

11ῗ111
1,1, 9, ,11929 11 11919,1 11111
119911 1,1,11,1,11,1,1191,1,1
111111-1111111111 9, 9, 1, 19, 19

99 1² 119

1191119 1191111111
11191111111,1,9,1,1,11,19,1,1,
11011111111111 2, 9, 9 1, 1, 9, 111,’11,

9 119 9919p9919111 911111919111 111111111111111111111111111111 19111111 111,,,,’, 2
11111111111191111111111111119111111 11 111111 1191111111111111 1111
1111911111 111111 9999111 111911019111‚111 111111 191119 11111 1111919119 9]

999999919 1-

19. 111111 1111111111 1999911,1 111- 1111111 9111111111 1111111191911111111111111111111111111111 9999-
1111911111 113111111111891191111111111111111111111111111111111 111 111111 11111111911111911
191911119111111 (ff 1)’11111111(1’,-’,) 1111111111111111,111111111911111
991911-1.

1111111ν ’1191119 , ‘91 f„

11111111 11111111 9991011191991111111 11111111 1111111111 1111111111111111191111 1111111111
9911111110111111
1, 9, 9, 111, (1111,

9919 1910 1111111111 19119111 191919119111111 1111111 1111111111111 11111 111111111111111111
01111111111191111111111111111111111911111111111111 1111· 111111 1111111 1111111 1911 9111 9199111111
111111111111111111911991111111111, v91111119911 911 991111111119 11111 1111111
91999111111919111991111199119 11111111, 111 19 99 91111911191119 1111111111 1111911 1111,
(111111111111111111,91111119111111111111111111111111,11111111111111 11111 1111111 11111

1, 1, 11, 11111

1) Sed 1191 1091111 9 999 , 9 11,

 

