314 1111 11111111111111111111111111111 (11111111111111111111111 111 11(,,,,(Ί

1111111111 1111111111 111 11 11111111 311111mr111 111111 1111111111 1111111111
11111111. 3111111111 1111111111 21, 33,1 17, 1111,1111“ 1111111 1111111111 111 1 1, 1103-
11111111,1101111111111111111111111111111 1131131333111111, 1111111111 3331 1111111111 11111 ¹
1111111111.

11111111111111111

33.111111111111111111111111, 11111111111111111111111111111111111111 31331113,
1111111111111111)10111111111111111111111111111111111111111111(·1,Π111111111111111111(
1101111111(11101111111111111111111111111111111111111111111111111ιί1 111111
1111111111111111 113313331311 1111111111 11111111111111111111 111111111. (11111111111

303031331331 1

34 Ο111111111111111,11111111111111111111111111111 1111111 Q
3333 1111111111 111111111110111111111111111111 331 111 1 1331311313133
330111111 11333133013111, 111111 11111 <3133 331 1111 11111 11111111 111111 (3331
imparium [3 11]. 311 ergo

fi b 811 3- 3 33 (33 1. 1,)111, (237 ,1 1313
11

,μς-1,( 11111ι

(111111 31130313 11111111 1111111111 311111311111113 133333313 33131 3111111333
111 11 1103 11111 primus.

330303131113 *²

3331· 111111111111111111111111- 11111111111111111111111[111111111111111111111111111
11111111 1111111, 111111 1111111111 1111111111 1111111111,

33303333333
1111111111 1111111 11111 31111131113 1111111111111111111111111111111111111111111111· 111
(11111111111111111111111111111111111111111111111111111 3133333111111133 111 11111111
1111111111111[1221 11111111111111111111111111111111 1113 1111111
¹ 111111111111111111111111111111111111111111 (1111111111
1111111111111111111111111111111111111111111111111111111111 1111111111

 

