111 1661666 11116 1166166666666

mm munuum *mom* ene-nr namma nmmo-«mum umam«. υ.. w ι. . m
mmmmm

’ ¹ »1111 11611166 1166616666, 161111 1616 66161161

Β Β Ἰ1116116111161-11 16611

1666 158 6616116 noch 6661161111Β161161161116111661166661161 11611611, 111 11111111 11611 611111 61166
Ρ16116161661116-1116661111666116161611611111611116116161161116661111111 W 1116
1161 11116161 16116 1166 1611616166 Ρ1ο1111111 166 611 111111 111 1111611 KWWW 11111 16111611 1116 11611116 1161 666

611166116166116. 1161111616111666111161116611661166161111116116661Β1666. 1111611 11666

166111661666 61611661116116111111166 eine 1161116 1116111661116111161111111111,111116111611611
We (1161611666

611-(11) 661 *161-*511 W 7111161 1111111161 1 66666

16666 ihrer 7611611111 11661161 16111 1161 61161116 1666611616 66 6111111 111611 161 We 1161116111 166
¹ 116 men 1611 1166611666 1161 6616616166111161611161 111611( W ⁷²¹) ,1.Β1611 11611611 11116 WWW 11111116
616666 16111 6116611111 611 Β616616666 1161 16111611 11( 1 6616116611 1161111.

1716161617116116611666111161116161116166116161161611616616, 6111666116 W 6111
eine zahl 1111 6116161 616116 TW 16 zerlegen 16666, 661 166 61111 66161611 11611 11166 1116 116111 We 16611 11
· 161, 61661611 1116661116 16111 1666 661 611661 161611 16111 116166 6616111 66616 1116 l
16611661 zen 1611. 1111666 1161661611 6116 6116161111
6611666 1166111611 161611 161 161161 1611166,
1666116166, 116161 6161161661
werden 116611.

61611166, 111666
1666 1611611 1116111161 116666,11611116111616616111161
111116166611611661611116111611511111611161666
ΒΙ61611116111161 6611116611 1611 66166661 1666611 61161 66611 1166166666 ,

DWW Schless 661111616611116166161161611661611616161161111116 Β611166( WWW,
1116111 661, 1..9 und 111 16661,..10 1161 616666 16666666666161116161111 16 66
’616161166611116116161161611666616166611166661116111111616111661661161116161611 6161 WWWWWW

⁵ Wie 1161 die 16111661Ζ611166 1161611166111161116 116619, 6116116111 66611611111166666
ohne 1116 1161116 16666 66 6611161166
1111161111166116116 1,64 116 666 1616161161
116111 1161116 61111 11161 1616111611Β6616116111611611
ι61116111 1161161611 6666666666, 1611611161
1161161 Herem 11666116116116116611 1166111611111166611
1111166 16111 1116111611 und 1116 616111 ,661 (116
11611611. 11 7716 1111616111 6611 er

“mmmmm-m.

1717 6161111111, 1611611 6161 1711, 61111611
1616166111 16111, 16111611 1611 6161161 66
11166116 1161 66611666116116616 1161116666

116611 leeg 666 WW WWW, 1116 611 166 116116
11111661611161161116611611 161 16116 ,66161611 116·

6616116161111161111611619Β 6661, 11611661 166 1611616111111611·

11116161 1661166 111161 (616161161616611161166 VII 11)
1611 We 6116 (1611661166 161116 171761 6161116116 1111161111
’1161611611 16111 6166116666 161. 111666117166166161111 111611
161 66166661 161 16 11111161616611616666 gefe-We (6161161116 W
’1116111616 1616111166 2161 Ζ111661161111

11616611 66 1116111666 66616111 16111611,
116116 WWW 116 6161661 16116 W 6666

1611611116 1161 11161 161116111161111111661
6661166666 1611Β 1611661611 11111 W

611611661116111166661111111111 11 116 6161
,611616166111616616611611666 611111 11116
16166161 766116666161616166611611111666611611116111611 6111 611

161, 6161616161611111166116161716611166161161116111611 1116161111

3 6166 6611111611 611-1111,

 

