444 4444 4444 4144 ἶ

1000000113015 444 44444
OW 414444444 4444 4444. 13 33333

4. 13101 000 00000010 00 11 10 4 01 44 10 1000000 0001000000
0110001000000000 00000 00000010 001 011 01 44 4444 44 44 1000
01100000 001001 0000000 000000 00

81010010 14444444 2200011810 01

0000110 000000 0000 1100010 444
0001001000110000000100

1 4
1001001284 00 huius 444441444444444 4 444444 444

144444444444
, 000010000100100000 0000000221).

444444444

‚ 2 8000000 0001) 00100100011100000001 444 0000
1 404 4104 00000000 221101 284 0001000001 444 100000
0101010ος 0100100100 001000 444444444 0010100000 4 4444
rorum 00010 1000001000 ur. 44444 444444
0001000 001 00000100 0000100001 4444 4444 44

1000000001 1000
101003 100 0101 ’
444 444 00000

444
1) 4444 1000 444 44444 0000 1000 0000
0000

444 000 0000 0000 00000 44444

· 1) 44 11000001080000100010171810100000110110 001, 4 0000100100 44 011000
444. Κο00001110000000000000001011000100 0100001110 4444 000 00000010 4444 00000

000001000100100001(1748),1781,0111110000001010100100000001 0100000011
¹ 8000000 soz-4444, 1000000001100000 0000

0000000 000100 111 4 4.
2) M 8000010010100011001010000,11οο0100000 0011101181, 44 11
8)801 vide 4044 1 p 40 444.

 

