11111 Η 11111 1111111111 111111 1111111111 19

mmv·„m.mm--.„„..„.. .

ΡΘ, 21151 1011111005553110155 51011011111 011151111511 1111111111151155111111111
1 115111111111111111511 001101151050155110111010 11.

5055005015

51 155 11111 51111 55111111111551111151111111115 151111 5101 exempla
11111111 1511511111 05 1111111111111111111111111111111111,1111111111
110110051111151 1515515155150501515 500115150515155115 11111 111511 1115 1551111151111511
1111111,1111111111111151111 55 5110 105055511115010 515511 5011005001
0551 51055 0500 {1105 1 1111151115115111151115111115112-»1
55 055 51111155 1501 811» 55 111111 0555 5 51010110111 5501 211151

111151 ,1155515 5051 05 1151·12115115515115111111111151555.

55555555555551 ’
52 11

5M 1501 5110 1555] 51111 5051

5
5111115111 5 05 5 5155 55551000 551

5000 0000 555 00 111 (0 55505 5 (5 5 5 ᾑ2), 51015015 055 005010
55551515555555301555 50 51155 1155055105 505155 1. 8111151111 51115

505 0051552‘5 51581115115511551111115151515515515555νὶ-
0100.

05111111 5501 5 1511111115, 111151 1;54

ᾖξ’ ‘nvem ’”””’2’5 511111 1115 s 0100 53³1 18151111 1515155511

’5151 5150 511, 1500015111 51510 0150 015155515 0115 511555050111111 5015 1111111115,
05555 ,5 5551111151 11111111157115, 7115215 71154, 1511
0115010 1111111 5 55551105551555350115 1100 505111 11111111-
05551055515055 5 5155 1551115151

2155555551515 8
55 51111111 511111· 0115 511151111125151515111111 110015150.

550511 1111151111. 5 5505511115 5 5511111 11151111, quae 11115
1,8,4,· 150 5555155515115510'5535501155 1115111111,11111115111151

 

