33:331 1111 33333333313 p:

111881 33N pp 111 11111111111111111111111111111

1111111110111),1111111111111111111111 111111 11111111 1111111, ‘1¹33
11111111111111111
1181181181 111111111μ111111111111111111
1111111111 1118111111 1111111111 111111 111 1 1 111 ,
333 1111181111 1111111111 11111 1111111111 111 1111111 11111 11 ’111111 11111111, 3 2,
’ 1111111881111.

1111111111111·1111111111111111111111111,111111111111111,

11111 p

333333353 ’,Ξ
111, 1118111181, 1111111111 1111111111111111111111111111111,

11(1(11111111 1111111111 33 11115, 11111
3111111111 “

p 1111111111
111111 333333

33333

111111111-
1111111 3

33333
1111111

1113111
(111111111111111111111111111111111111111111111Ξ ’1 1111 1111111 111111111 1111
8111 333 1181881111 1111111111 1111 j

1)Fl3 333311133333333133333 {w , ,, 1111
10011 11501111111Η 1111111111 1111111111 1111111111 ² 1

 

