444 44444111 4444111414 (mmm
14414 44411 444 1114 4 4111 L· 44 4 4 414 4 1411, LLLL 114 4111414111 1114,

(411444, 441144434134441443,111 111-14111 4111111 141 LLLLLL

’44 4 ζ ,ζμ 1444114444,

41444441 1114411 LiloLLLLLL 1³³³ 11141 111 141114, 11 11 3
11144114 4444114114 4114 (11111 4144141 ³LL³³ ,
11

414414114411111144111-111414111411111111111111
1346148149111141144411411111141414111
1144411111 8411141444444141411141114 41111144 4114111111. ·’, · ·

,11441 L 4111 ¹²LLLL 141111
1141143341 1441443111 {LLL'

333333 11

114114 Lx 4411 1414144 4441444 11114 1411 11111 4414114,41 ΜΜΜ

4111111414 441111·

4
(14444411 1111 1141114114 411414 4144111114 144141 1114114 1111 141111 1111111- 4141411111
41144444 1411141441414411114444 41114 144

LLLLLLLLLL
24 NLLLLLLL 4114414114 11111114144111141441411411111111 1411111111 414114 1411411111 11144111 1111414
444414114441114141141111411111141 41141111 11414414144141114
41141 4444144441 1411441144 11441 4141114114 11111414 44111 1114 11111411 4141111 11444111 44·
44444141414444444444111 A L, (J 11114114114114411111 1441111411111-11
44444, quibus 1111441411 A, LL ,14 41111144111411411141111411411114·1

11111
14111144441111111111141144441111111111114 1111111111 11114 14111 411141 1114414111
4144 1144441414 inde pLLLLLLLL 4141 1114114114

4434444444444444144441441144,
444 1141141111 4 34114 41141144 LLL-LLJL

114414 L 44114 4114144114 1444411411 11414441 4414 11441 1441 4411111144 44 Ex
1114 porro 1414444441·

4α4441141 4444444, 44144444 LL 4411444114,

 

