· den 11111111111111111111 (111111

, , f„ Dies Κ111111111 111111 11111111

2 . 444 11111111 111111111111111111111 11111 (1

’ ¹ 1111111111(

ΧΧΧΠ ¹ 4044440444 444444 4444444444444444444444

1 1
(11111111111111111.111111111111111111111111111111 111 44 ²³·

44444444 1111( 4444·
(1111 11111111 11111 4404144. 111111 1111111111 1111111111

D 4 (1111( 4444)
11111111111111111111 1111111111111111111

44

die 111 1111111111 1111111111 (11111111 1111 (11
111 1111111111 1111, 1111111111

1111 444 444144444144444 4444 44 44
(111 1111111111 1

1111111111
111111 111 (11111111 1111 1111 44
4

111111 (1111111111 1111(
1111111111(111111175811111111111111111111111111111 44 1111111111( 4444
Β1111111111111(1111111111111 11111111 111 (1111111 (111 Ρ 11111( 111 1111111111, 11111 111
11111111111111111(111138)11111111111111111111111(1 4
11111111111111112111111 1,2,3,1,. 444 44444444 4444 111
ffifflrmmfflwfflmm Μ 111
11111111( (1111111 11111 1111111111 Ζ 11111111 4
’ 1111111111(11111111111111Ζ11111111,111111111111
Β11111111111111111 (111Ρ11111111111 1111111111
’1111111111111111111111 1111111·
Ζ1111111 — 11111111 11111111

4 (111
444 444
1111111111( 1111111111,
4444. (111· 111 1111 (1111111

(111111 1( (1111111111 1
44

1111
(111 1111 1111111111 111111
4

4444
111111(
4 l44444444 111 1 4444 11111

4444 11 1111111 4444 44 44 4 444444444 444444 444

11111111111111111111111111 1111111 11111111 (1111
1111111 1111111111111 1111111111 44444444 4 111( 1
1111111111111111111111, 1111111111 11111 1111

1111111111 1111111111] 1 4 4 444
11111111 111 1111111111 Ζ1111111 111111 11111 1111111111 44444444444 (111 44 111 (111 444

444444
44

N4444444 4

111 (111 (111 (1111111111 4444 44444444 11111111 1111 1111111111711111 4444 4444) 444
(111111 1111111 1111111 -1- 111111 ’

1111111111 1111, ’ΜΡ ’1 4444&44'V'”²44444444”1444444¹

111111111111111111111111(1111111111111 11111 (111 '4444 (111 111 Ρ 111111 1 ,1111111111 444 111
’ 1111111111111111111111111.11111111·

, ,, · 1 44 44 4444, 444 111
¹ ,11111 111111111Ζ1111111 1111111111. 111 · 44, 4444 111111
4444 4444 4444 (1111111111 44444

11111111111111111111111111111111 4 11111 1111
v441444144414444 11111111111111111 (111111111111111111111111111111111111111 44) 1111,
1111 4044 11111111 11111 11111( 444 4 '

, 4444'444444 444 1111111111111111111111111111, 1111111111 11111111 11,

111111 (1111111 111111 11111 4444

444 11111111, (111 (111 Κ111 1111111111( 11
1111111111111111111 1111111111 1111111111

. 12 ¹ 1111111111( 111 11111111 ..11111111 1111111111( 11111111

1111 1111111111
1111 4444 444
111 11111111 11111111 11·

11111111 4444444440444444 4444

 

