133 (1111111111111111111 (1111111111(11111111111Ν1ΝΝΝ ΝΝΝ ..ΝΝ
11111111((1(Ν11111Ν11Ν1Ν1Ν1(Ν1111111·(ΝΝ1((1111Ν(111(((11111111111111111111(((1Ν111111Ν1111111111
1111111111(Ν1(ο(111((((11111(11(11,1111111111111111111(11111111111111(1111111111
Ν( 1111111111

(Ξ111-11, 13213131,

3ae1-12-13, 1311331,

1313331, (((1-111,
(1111111.

= IV. 11κε11111111-21111411(ἵ »1- 311⁴ 1» 111 1 ‘31¹⁰ 1» 3311q

(11111111111111((11111111111111111011111111111111111(111111111111111111(Ν11111111111Ν
1111111111 (1101111111 (1111( (1111111111(1111ΝΝ111111Ν1111111Ν1 1111111111(
(11111 Ν1111ΝΝ1 (111111111111111111111111111111(11111111111111111111111111, 111(( 111(( 1111111111(
’ (3, 11, (1111( 1313'31311113111·

3. 1111111111(1111111111((111111111111111111111(111111111111111111111111111111111111111

(1111111101 1111111111) 11111111 Ν(111111111(11(111,111 (11111111111111111, 1111111111 1313 3311-131133:

1111111111, 11111 (111111 3111133113131131131311111 11111111 (111((1111ΝΝΝ1111111 111111
(1111111111 1111111( 1111111111(11111(111((1111(,Ν11(111(1111Ν 1111111111111111111111111111(
1111111 1111111 Ν( 111111 111(((111111111111111111111111 (1111111 11 111(((11111111111111111111111111111

(3110131110331111111131131331111333 1111111111( (111111111111111111111111 111(
1111111011111111111111111111 1111111· Ν( 11111 1111111111 133311 31 ((Ν1( (1.,(1 11111111 1111111111 11111111(
11011111111111111111111111111 13 11111113111111 (11111111 11111111311111 (1111( (1111111111 1111111(
Ν111111ΙΝ111111( (1111111111 111(( signo 13111' 1111111111( 111(( (11111111 11111· 1111( 111( (1111111

ΝΝΝΝ]

q13311331'1113 (11111111111111111111111111(111111111111111111111111111 11131
1111181111( 1111111111( (1111111111 1111111111 (1111111111 1111
(1111((11111111111111111111111111111

ΝΝΝΝ1ΝΝΝ1ΝΝΝ.

(1((111111111111111
11111111( 1111111111( 11( (1111111111 11111111(
1111111, (111111(111111111111111111111111111111111 1111( 1111111111

32 (1111111111 (111(111111111111111111111111(1111111111111111111111111111 3133313111111 (1.1( 3 ’
1113 (1(.1((11((11111·; (11(1111111111111111111111111111

...μη-...Μή

(1111111111111111111111111111111111(

1) 1111( (1011111111. 113 11. 11.

 

