111 11 1111111111 1111111111111111 1111111,

mm·- ..w-m- mvn-„5⁴5⁴ ,ψ

1111111111111 1111111111 111111111111 11111 11111111111111111 111111 1111111 105 11 1115 1111111111 1111111 1111·
111111111111111111 1111111111111111111111
1
1·1

111111, qui 511111311110311511101013'35'1110

) ³¹03
11111111111111111111))ξω 1¹1²
1111111111111111111111111111111111111111111111111111111111 5⁵²⁸, 101 1331111 111111.
1111111 (1 11]1]111)]111-1)1Ἣ··]1 1)]11 03150 11111111 11111111 [111111 1111111111 533

11111
(1111111111 1111111111 1(·111( 111111

()1·)() 1·)’)() ·)1·11() 11·)

1111111111 11111111 1111111111111111 1111111111 3150 31111330110

1,,11111111111Μ11111111 1, 11111111
1411111111· 1¹11511111·1·¹11-1.¹

unde 11 111111111111111111111111111111111111111111 3'011111113 1111111111,

31 1101111100 111111311151111111313130 1 511 131111311 1111 11111 111111· 1111
11111, 111111111111111111111111111111111111111111 11 11,1 11111111 1111111111
11111111111111111111111111111111111111111111111111111111111111111111111. 113 3331111151
11 111111 111) 111 11111 111111 1111111111

115-1151151111 11¹¹ 111111 51111¹¹1 0111 111105111121010

111111 (11 11)) 111 1111111111 1111111 11111111 11 1111101111111 1113111 11 111111, 111111 1111111111,
311—- 33²³ 1111111111, 1111111 1111111111 11111 131155 1111 (11 11¹1
1111111111, 11111111 11111111 11110111111111 1151151 315 111111 111111 315113111
11111111111111111111;11111111111111111111111111111111111111111111111111111111,
1111111111111111101111111111 111131131113311111 011331111111111111
1111111 1111111111 111111 1111111111111111111111 1111111 1111111111111111 11151133111130111

(11 —- 11·) ·- (11 -5 31)) 3 (11 m 11)) ·· (11 3333U 3 01 111) 10 11 1)) 3030.

1111111111110,11111111111111111111111111111111111111111111111111113)11111
1111111 11111111111111111111111111,1111111111111111111111111111111111111111
-31 111 11111111 5 f 15131111111101115 11131111111111 1¹1 111111- 1113]

1) 11 111111111111111111111111111111111 111111111111111 313 0503111111

¹ 000131311113111. 1111.

 

