111 ‘ 1111111111111111 111 1 5555aess

. 5550555555

11111111 11111111111111111111111111 1111 Μ 1111 11111111 11111 ’7, 11111 111
1111111111 5 1111 11111111 111111 1111111111-Μ1111 1111111111· 11111111 1111111111 111 1111 11111111
11 131111111111111

5555555555

1111111111 1111111111-1 111111111111111111111111111111
111211111111111111111111 5 555 111111111111111111 11111111
5555555‘„

5555555555

' 11111111 1111111111 111111- 1, 1111111, 111111 5 5, 1111111 5555, 111111 1111

1

111111 5 1 Μ 111 5 111, 11111111 5 55 111 5 1111ἴε
5 5- 5⁶5 55 55 5555

5555555515

11111111111111111111111111111111111111111111111111 11 >5 1 11111
111111Μ 11111 7111111111 11111 1111111111 1111111111 11111111111111 5 111111

5550555555

¹ 11111111111111 11111111111111117 111 1111111111 11111111
111 2 111 7 111 11 11111 1111111111 111111

55555555 5555555555555
555 L 55515
5559‚555ffl,
5555,5555

11111 1111111111.

 

