1331 3333333333 333331333333333‘3

3331333333
12 1333 2222222222 1313333 2 22222 221222 3333 2222222

1222222222 22221222222222222, 22222μ22 2222222222 221222 22121 331 221222212212121,Ἳ,,,,,,,,,,,
3333 33333311333333 ,1222112222 21 2212212 2212222122 ‘ ,,,,,,,,,ἰ
2212112212222221212222222211212222222221222 12 ,22
2220 222222 22 qu 1222 222122 2222221 ,2 ,1- ·
Tum 2222221222 12222222 212222222 22222122
22222222221221222212122222222222, 212222
221ΜΜ1Μ2Μ22ἪΜ222
33333333 2222222122221 12 221 122122 33 2
12222121222221222122 22222122212222122221 1212
22222 1222 222 2222122212 22122222 22221 222222 12222
2122222 22222222 2, 2222122111222 2222 2221222
2222221222222, 2122222 2222222212 2221, 22222

2122211222 2112222 22221 2222 2122221 22221
22122222

222 33323333333 2,,2122 ,1212222

221112 222

,11111111

3303333 111121 3

13 1222222 22 3333333333 333 11212 112 12222222 [22
22222221 ,2222221212

2112212122

2222 2222222222 2222 2222221221

3333 1111111112 21212222222222, 3333 ,222 3333 333 ,22121222222222222221222

222 222

(122222222221122222 222 2222221222 22221222 2222222222211122222222222221 2222, 221221

-mc ,α ,,22 22 2222222222222222112222· · -“
2222122222, 22221 2,, ,ς22

331333Jy 22112 21222121-
2222221221221,222211222
222 222 212

‘” ⁸ , ’2212222 ,2212222
¹ 1222222222

ζ1222Γ2-,2η1222221112 “” 222222 1
2222122121122212 3 3 12

1) 333 21212 2212222121, 1211,

 

