11( ΕΕΕΕΕΕΕΕΕΕ ((ΕΕΕ ΕΕ( (ΕΕΕΕ (1( (1111111111 ((11 (11111111 [DD-DD
12. 1111111101( (1111111111111111(11111111 1(( 1(·1(((( 1111111111( (1111111 1(-(
(1111 (11111 111111 1 (11111111111111111 (111((1(1Ξ(((((ι1 ((111111111111111111

111- 5- *1111111111 11111 ι11111( 11(
-1- -12111511-111 1111( 1Μ DW 11(

1111111111,111111111111111111111((1111111111(((111111111111(1111111111 11((
1111111011

lei, 11 (11 1111 (11111111111111 1111111111( (11((1111111111111111111111111
1011111111111111(((1111111111111 11(( (1111111111 111(1111((11111111111111(1, ((1
1111111 (11111111111111111(11111111111 ((1 1111111( ((11111(((111111111111
(11111111111111(111111111111111 , 1111111111 11111 (1111(11
(1111111111 (1111111111111111111,1111111111 ((1111 ((111, (1111(
(1111111111(11111111111111111111111111111( 111111111111111111111(1111111
(11111111111111111111 (1((11111111111. 1111111( (1111· (1111111111
1111111111( 111111 (11( (1111111111

sn *s (11 ““ 11 *1111 ““ D) 11111111) “1m 1111 m 11 11( 111 j 11 1111111,

111111((11(’111111111111111(1111)( ((11.1 11 (11((111111111111 (11(
(1110111111(11111111111111(11111111111111 [1111111111111111 1111111
(1111111(111111111111111111(1111111111(111111(11,11,11
[03111111 (111111 (1111111111111111111111111 ((111

131111111111( 11(([11111111111111111((1111111111( 111111( (111111
11110,11111111111111111(11111111111111111 1, D 11(((1 .
que 11( 1011111111( de 1111111( (11111111 D ((1111 (1 (1( 1111111111
(11111111, nous 11111111( 11111111( (1111( 11111111(

 

