1111 13331113113 111111111401111111 4111114134

ΓΞ11111111112511113111111111111 (1411414414,
(1Ξ41144411424411444411144414 1144144114
(4444

Unde 44444414414444 44444441 (4444444444 44441444 33111131111113 111111111111111111311111111131111111
3rigonelem 3111131333133111111111010333111111113111331111111311131131111311 (4441( 331-
11131133033133331133111333321 01131131111313311111333 311: 311] 111111131311m111111111
enim 11111131113, (44414 333 331111113 3311331 (4444 (44444 (4444( 0111111 ((4444 4444 14444 4444444( (114444,
4444444444( 33 -1434341434341323 733:32111111111131331333113333111133113
, ((4 4144444411( hicque 111111131113 44444 1144( 33 4444444 4444411441( 44441444( ((4444 4444441(
311 33p33m p313 ee1 13311133111133333 13133131 4444444444 (41.1

12. 14444444( ergo nego3iun1 4444111 14441444 3311111101331111 3311 14444444( 14,(1,11 3,
3¹31. 33111133033111 113 14 4444444444 (44((441444444444144 441 ((1 444411 1144444( 44444(
merus, ed cuiusque 3313313011113330113111 1144144144 (144 441 14(
progressionum (111 333 4444414444( ((4444 4441444144 (4411444444144444 1331111133 1133
141444, 4041441441( 1310 3311113 1111113 3313331 1111111311 1311111111 414444 41144444( 44 (444 (444
144444 vero 331331111113331111311113 333 (44444144414444444444444444444444141 (1
303333331333 3111 11444( eu 11311113 3111 01131131313133311131113 (4 1133331111111111113 Vl3333

11444444( 44444441 44414444(1444444411111444444444441,11,1((,11441( 144441444441 (4444444441,
4444141444( exeri3111 (444444444οε

1113311110133113131311(1111, 5333,
44141441414114141141( 11141 4333.

aequalis 41411411 4444444144(

((444441414414141-(414(4144141444)1·

(44444 1113 (1444144444141

Hune 111 finem ig33111 perpendendae 333 1131113,q113 311331 144444 414444(

expressiones 33331333333 (444(444414444144444 4414444441 1111 4441

((1 4141444441, 33 311 333313
1111133330 3133331133111·

33. (141444144444444((4444((4144414141444 333 1310
311113333113133, (1144 4144444104( 4444114441
4444444444 1411444 111 113req113 444 1010 1 33

313 3133133311331 331111113
111 quaecunque (41144444- 31133333 30
33101 4414144444( 13311331111333333111 4

, eri3que prime

3:1433143332134313 1414 444444;

 

