 

4 0444444410444 144 4440444444 4404444 44¹
111111111111111111 1111111111111111111111111 1-1,111111111111-1-1
1111111111111111,1111,111111111111111111111111111111111111111111111111111·
1111111111 1111111111111, 4444 111 1ω2,11111 1111111111111111 11111111111411
semper dividi 444 244 41, 11 2111 -11 111 1111111111 1111111111, 1111111 1111111 111
211111111-1(11111111111111111211112111111111111111111111 11111 44444
dividi, 11 11111111 4--24441 111 41111111 4444444 111111 ’
11 111-41111411 1. 11111111111111111 1111111111111111111111111γ
11111111 1111111111, 11111111111111111111111111111111111) 4444 11111111 ,, . ,
11111111 1111111111 111 11 1111111111 444444144 11111111111111111111111, 4 44 44
111111 non 1111111111 primaria 4444 1111 44444444444 444444 1111

444044444 4

4· 4444 4 1111111111 1111111111, 111111 4444 44 4 4444444444 111-11 4
111111 111 1 1111111111. 1) f

1 1111111111 1

1111111111111111111111111111111111111111,111111111111111 1111 1’11111«111-«4-1),
111111 11111111 111 11111 1 11111111

 

 

 

