555 51111111115 1515551115115

51511511151
100. 011111- «101ωο, 0573 511

1555511155m5m5)5xamm55-555)

011111111111111 8,0111000·--89--(1--110)(11111

5) Unde 5555
001111 011111 10100001111111111111111 amicabiles 5111115

(11) 555ss5
11110059,

555115511112
1011. 511 11111110 1101111110 511

5555M5575½5555*5555545*5

5115 1115 1-1- 0; 1111 1--101 110οΜ0111911111-11111111111111111111 Ι
11-1ἰ11,·110 1115511511111151151 1115==⁴23,5=-7,5— 77,
5 1511 1 111 511 51111155 755

111-51551551
55³ . 5 . 7 · 2151.

555051 1015

151. 111 151 511151 1111111 11111111111111111111111111 1111151115111715 1151115115 ami
111111111111111111111111 1 111111 55170511551111111111511555511171715515155111
1105 1111111111 111117555111 51 1151 5115171115 55151111 1155111 1111111 011111111111111-
1151111551 15511 1111111111111111111111111111111111111111111100 1505-
111111111111111111111111111 15111171551011155517517111571511115111 155550171115, 5111'115 5551111
15515515111115551 1111011111110111111101111111111111,111111111111111110111111
011000111111111111111111111111011111111,111111101111111111111111111111
1111111111θη 1115 111111111- 5151 5155 1111111111 1511511570115 explicabo), 115 plurium 751511155515
51115111 5515 7551511 11151555 1111111111111111111111111111111111111111111111
111111111101111111111011111111011111111111111111.

11 01111111, 51. 5551511111711515115111 115'551111 1117111111'551. 77. 11.

 

