111 1111111111111111 ., slfflssssffi
11111111111111111111111111111111,111111111111111111111111111111111111111 1111111111
1111111111] 11111111111111111111111111111111111 11 50„
1111111111111111111110111111111111 111 111) (11 11111111 11111· 1111 ’11111 1111111 111111
1111111111111111111111111111111111111111111111111111111 11111111 11111111111111111
111 unicum 11111111 1111111 111 1111111111 11111 111111111111111111111111111111111111111
11111111 mmmmm, 11111111 mmm me 11111 1111111111 11111111,

8 (1111111111111111111111111111,111111111111111111111 1111111111111111.
memoremus. 8111111111111111111118111181111111111111111111111111111111111
11111111, 11501111111111151511151 summa

55555

11111811111111.111111111111111111111111811111111111111111111111111111111111111111111111
1111111111 1111 1111111111111111111111118111111111111111 1111111111
111111111111111111111 11111111 8111111111( 1111111 1111111 1111111111. 181111 1111111111 111111
552 1- -,1 11111111111111111111111111811

88813 ἶ’88811118’11)111181111 8111111111

111111111111111111111111111111111111111111111111111 11111 11111111 1111111111, m511110
1111111111111111111111 11111111 11111,1111111111111111 11111111 1111111 11111
111111111111111111111111111111111111111111111111111111111111111111111111
modo 11111 posse. Pm'mo 1111111 summ 11111111 811

111111-111111181811113111111

ubi 11111111118111111 1111111111, reliquum 11181 1111111111 1111

11111111

111-1111111111 ideoque 111μὸ

11111111,

1111111111 novum 1111111111 8111111 111 811111 1111111111 1111111111111111 111111 1111111111
ΡΜ181111111111 1111111910,119 11114 75155. 111. 1111111111 111111111111111 11181718
81111111111111111111111811111111811111111 111 11111111111111111 1111111111 (apim
X, 1181111181, 1188111811111111111111181111111118181111111111111Λ1111110181,
1,,11 0111111111 169811 168177, 888 8114, 0111181111 1118111111, 1111, 111418 ,888 888, (11811
imprimis p 1111111111, 818 111111 1111111111 '5 1111111111,1)111111111111 1111118111
1111111118 111111111111111111118111 8111111 11111111, 811111 1111111111111111111111 111 11111111
0’51511111515 1111111111 and 1111111111 1111111111 111111 8111111111111 1111111111 111111 11111111118111111
Β1ο1>11111111111ο111111111 11111111, 8111111111 1810188, 8118, 8141888 881 1 11

 

