4440444444444 44 4 4
144441411414141 4

(4444444444 344 44 44 444 44444 4444444
Novi 00444444444 444444444 444444444444 4³4⁸444 444444444 44 4444 4 44‘444434 4444
4444444444 4444 44, 44

44444444444

1441 ab 4144144444144444444444444, 4444444444444444444444444444
444044444114444 4444444, 4444 444, 44 4 ··
divisorum 44 4444444444 44444 4444444 444 ,

044 444444 444444, 444 44434144444 4444444444 444 44444 ,, , , ,

{4 4
44444444 4444444444 444 4444444 4444444444 4444 444 44 4444444 44 44444444 44444444
seriem 4440444444 444444 444

44444 44444 44444 4444, 4

..nm-uae mmm

14444444 4444444444444444 4444444444 444 44 4³4³· ’ ’ *⁵ “ “³ ἢ
44444441404444, 444444444444 4444414 444444 tv
L4644 14944414444(444144444 ., ,. ,,
4444444144444) 440444444F444440444? 44 '44

2) vid 44 444444444444 4444 44 444 444 444 4444444444 4. {4

 

