244 333033333333 DUDDDD 1011111110 111 MDDDDD 111Εὸ 11111

ΜΝ

11511115111111511 15 ›

1151 111511 111511 33 23

1151 111511 111511 1

1151 111511 111511 1

115 3 111Ξ42511 111 33 1 1

115 511 1 ¹ Μ11
11Ξ 1 J3D32 511 ’

111Ξ 11 11ΕΞ11

1115 511 1115 33

11511151

1115 511 1115 511 1115

’1115 511 11515111 ’

11115 33 111511’1 3 ‘3’
111511 111511 ’115111 1 2
111511 111511 1111511 1 ¹
J18==33 111511 1111511 1
111511 111511 111511 3 «111
111511 111511 1115111 51 ’51

111111111111111111101111111111111111111111111111111111111111111111
on 11111111111111111111111 (111111111111111111111111111111 111111111111111
111111

 

