253-269] , DD 3313331331313333313313

1 1999999 -99 1131 196 99 99999
’ 19999999 19. 999 9999
19999999 ΧΧ19- 99 99 999
3. 19999999 1111111919. 99 33 999
, 2 19999999) Χ19 9-999
11119999) ’1.999999
1999 1999999999 1
111999 333 1111119-..99999999
., 199999 199999
11· 1999999 '132-3-133531
1199999 9999999999
1· 19999 99 111 131· 9-999 999) 99

31133133
3·37·1 1133

2555055563
1

9999391111

3
3⁸3

1
1
1
1

1:3153

1 ’ 9999999999

9 99
-ι 919031 1333
999 3113. 9999999999

3* 333 333 32·1-33·33-33·33331

1
9· 313
1
3

[31 f , 19999999
'131-133515 '131-3133-313
19999999), 9999999999
1 1 19999999), · 199999999999

9 99 99999 X 1999999999

XVH ] ’ 32·5⁹·11·13·353

19 99 9999

1) 3103 3133 999, 99 0313-35333333333033 3111135113313011 33333131101311111.H33333311‚
5151155131315111 1999 138 ,11903110 [980. 31 R.

 

