0333033333330 33333333333333 33333333333 ,,,,,

11111 111 00 1111 11· 3 3333¹
1111ω11 μ 1111,,1”11111,1, 3333 ⁸ 3333*

ideoque 11111111111111111111111111111111 ,111111 ,11111111111111111111,111111111111111111.

11111111111111111111

11.1111111111,1111111111111111111111111111111111111111111,11111111, ,,,,,,1,-,,,,,,,
111, 1111111111011111,1111111111111111111111111,111111 111 1111111111 1111111111
1111111 1111 1111111111111111111 111111111111111111 11111 111 ,,, ,,,,
,1111111111 111,111111111 ,1111111111111111111111111111111 11111111111ὼ11111111111111111111Ψ,
1111111111111.

303303103

100 (jum iglburlt F313333 s 11111 11111 111111111111 1111 11111111111111
333333333333 1111 ,1111111111 ,11111111 1111111 1111 1,, 111111 · ,11 33³0 1111111.1,11ῐ1;11,,,
1111111111111111111111111111,111111111111 ,11111111 1 ζ’11111111111111 111
1111111111111111111)1111111111,111,1111111 1· .,, ,111 1111111 1,,,1
111,111111111111111111111111111111111,11111111 11111111111111,11 11 ,1111111111
,11111111111111111111111111111,1111 111111111111,11111111111111111111,
111111 11111111 11111 1111111111 1111111111 111 1111111 ,1111111 1111111111 11111111

111

1111

11111

³ 1

1111,1111111,111111,1 11111 111111 1111111 ,11,11111111111111111111111111111111

11111111,1ο1111,11111111111111111111111111111111 1111111 11111 1111111 1111111 11111111
1, ,1119

111111111111111. 11111111 111111,111111111111111111 11111111 11111
Quod 111111111111111111111111111111111111111111111111 1111111 11111 11111 3333333333

011111111111111111111111111 1111 1111111111· 1111111111 ,1111111 ,11
11111111 ,1111111111 1111111,

111111 111111111111111111 hic 1111 3303 1111 1111111111 1111 111 11111111 ,1111111
(1111111111,111111111111111111111111 1111111111 ,111111111111111111
111111111111111 111,11111111111111 1111111 1111111 1111111111 11111111 1111 1

 

