25-27] 1111111111 A LA SOMME DE LEURS DIVISEURS 251
mmm-*mmm*

1111111111111111 1111111131,1111111111111111111111111111111111111111
’ 111111111111111111Ἰ

3113 111 6116

1111- &fil 11111- 1411151511 11618ῄο
Π. 1211121115 1115- 7-11711211111151115-221111-2611161111,

1 oe x²†5c⁶†ff 5²²-x²†oe²²†x²⁵ Μ

De 11 1111111111 11 1111111 chaque 1111111 111111 une 1111111111 1111111111
1111 11 1111111111 ordinaire, 1111111111

11111 1111 1131 1111 1151 1111 1171 1181 1111 11111 11111 1111111.
11112 12114 1111* 111·8 121110 1 21111111. ¹
⁴ 13115 13119 1 31111111. ,
111Β 1 11115 1111.
15111ο 1111. ¹
1 61111111.

1101110
1 111111
1 1211111 111.

(11111 111 1111111111(111111111111111111111111111111111111 11111111 1111111
11111111111111111111111111111111 111111111111111111111111111111111111111111111111-
111111 111111 1111111 11111111111111111 1111111,111111111111111111 111 111111111111111-
111111111111111111111111111,111111111111111111111111111111111111111111111111111111
(11111111111111111111111111111111111111 1111111111111111111111111111111111111111
(111111111111111111111111111111 1111111111ὖ 1111111111111111111111111111111111
1111111111 11111 qui 111111

ν1111ι1111111111111111111111111111111111111.

1111111111 1111 111 11111111111111 111 1111111 1111 1111111111 11, (11101111111111111111 que
1111111111 111 1111111111 11111 dans 11 11111111111111111 de 111 1111111111, 1111111
11111111111’111111111111111111111 1111111111, 111 1511111111 1111111111 (1111111111111

111 11111 1111 111111111111111111. W

 

