5 '5 κ 1151115151115 115515151555 '

5151155511 5

55. 511555-51551111225113=55515=1‚111115111
(15)-- 165(1,5]-- -651π 51-,151

111 515 55 55555 555555551- 55²⁴ 501115551511 11015511 15 5505 15515555, qui 55 5551165551
5555 ’1 55515 11111555* 1551511515515551 1555551555 112-5 5· 15 1155 55515

555551511 3

51, 511. 5 55155553 551 52:15512-551 51 c=1 5555555 0p01151
(5551911155 5:11) 111- 17², 1111155 ’

5 551 13 11
,1-1111 11151 ··
55--1 555 551* ⁵
551 59111 --

1515555511 1111111155-51515 111111115155151 1555 55555110 51g0 555
555111 11511111 1 -1111151 111 51'151555 555155 115555115 5555555. 51151551511 515 515

555515155 1111115115 1111111 5515 55151, 15555555 155155115515115 505155151115 5555 1
55515 5515, 115111155 555555555555155555151 155 51:55

(1 5511'· 1895119
155 55155 555555.

,5551515551

›5551151511511555111 5555 11551155555511515155 551155 quod ob
5551551555555155115 2111511111 51555555 5111115155155 151551051115
11551115( 11 1155 (1551555555 5515555ὶΐ 5515155515 511555555 55150 15055015
101551555211555555115,11115155155551111551555555511 1551151551
51511515155555515 1511555555,155--11-1555555155551, 5515 55555055110555515)
55555155551513511551515515155155015155555555555551555111155555515155551

11 5155 (151515555151555151 5551 1555 voluminis, theorema 10, 1511
15*

 

