111 1111111111111 1111111 11111111111111111111111111111 ΒΒΒΒΒ
1111111111Β11 11111 1191111111 1111 111111 1111111111 3333 1111111 1111111111 3333 1111111119
1111111111 11191111 11111111111111111 11111 1111119111111111111911111ΒΒΒΒΒ9ΒΒΒΒ
1111111 111111 (1111191111 1111111111 1111111 11111111· 1111 11· 111 1111111· ΒΒΒΒΒΒΒΒΒΒΒ
11111 111111 1991 1111111111 111 9911111 3333 33

3

3 191111111111111111111 3333
11111111111111111111119119111119111111,111111111111111 1111911119111111999,

1*Β
bibus 33333333333333 [133 3333 1191111111 111, 191111111111111 111 11911111· 1111 1111111999

1911119111 1111111111 111 1111111111 1111111111 1111111111· 111111 11111111 1111 11111 1111111 919,
9111111111111191111111111111Β9191111111111111191111911111111911919ΒΒΒΒΒΒ
evolvi 11111111, 191111111111111111111*

(1”1413111111·41141111-1*

11*
·· 1 *3333‘333333333 ,11111 ,‚

3²³3 3333

2343 1191119111· ὲ11*· 111· 1111· 3³³3 11 11* 1*··«11*·111*
1111,
11119111 11 1111 11111111 33333333333 3333 1191111111111111

1911111911 1111111111 11911111111111111 1111191111 1111111111 11,
1111111111111111111111111111111111111111111111,1111111111

111 1 11191111 1111 1111111111
33 911111111119111,1911111111
1111111

23.11111111111911111111111911111111111191 9,,11111

9111(911111111111911111111111111111111111111111·1111111111119191111911111111111111
111111 1111111111 11111111 11111 1111111111 333 1911, ,9111 11111· 1111111 1111111 1111111111 11·

9111111111 1111111111. Sic 11111 11111111··Β]Β11191119111191111111111111

1111111 1111111111,

affimfflfflg 11* 9·99*.9 ² 99*,9 999 99999Η

11111119111111111111191,1111111111911111119119*Β 99999 3333333333333
Ρθῑ hanc progressionem 911111111111* ⁴

3

*Ἡ* *****“* 11 111

 

