27128] ΤΝΝΟΝΝΝΑΤΑ 7774 DIVI 17170777 Μ-ΝΝΜΝΝΟΝΝΜ
188188 47 8888 48 -- 7 42- 2128 - 1) 811 8888888 1818881188 1881818818
,1841441144 1 18818888 7777 88 111; q11777 1881 881811, 81 1818 188181

[18111188 881 7171 77071171 q71777777017711 888888, 81111ι1811ι11181ιιι 48-1
Q Ε. Ν.

707077471717 1

17 11888 ι8ιιιιι ιιι 71777717 ι1ιιίιιι 81ι81 81 1888 1888818 4811 8818118818
477 188888 481 814811 ιιοιι 188811 88188188 primus, divisorem 1818111
18888818118188188 88188818 8888118188818818 1188818888 111117177117
188888 481- 1188181881. Q11777 7771 7771777 188888 1881818888

1118111 188881118818811818 quoque
77717777171 171 ιιι 77 4811, ιιιιιιι 7011 777 1818888111111 1818111.

117
1888811818 ιιιιιιιιιιιιιι 77717177177171177 471

777777117177 2

13 1888888 1188 188888 (18818818 777171 88111 1177 117117777 117171771177
18188 888181

77 717, 11, 19, 77, 77, 31, 35818

881 11818181 088888 7777 8818881 1818ιί 7777777 1188818 ιι,ιιι qui 7117117171
1181 701 777 7777 1777 ιιι1 777777177 77777777777111 74177071111 8881888188 111 188

18888 4811, 818181 1888 88888881881118188 88 88888888118188888 888 ¹
181881

8888811888 3

11, Νιιιιι) ιι 888 88888 811 881 1818888881 710777771177 77 primis,
888888 1888888 7717 81818888 8811881 717777 888818 18188 ιιιιι 188118188881818111

8181 (181 8881188 118181 188181 ιιιι 48 11 D17770777 8818 181881 8888888
188888111881881888888 8881188188188181818 88818

ιιι ιιιιι 7741, ι.) ιι 88888188.

1111101 ΙΟΝ
70 Ν88188888188 188888 4811 88818188 188811 7777 8888888

1881888 818811888818,1ι118 1818111 18181. Νιιιιιι1 881888188188118818881
8888888188188811ι1881888818,11888818188411411 70117777117177

1) 777. 777 1777 1188888118 1818888188118188881188ιιι (1888881811888 247 (170) huius 7017·
7717. 11, 7.

 

69 ··

