268 1111 11111111 11 *1111 1111111 fflssffiliss

111111111111 11111111 11 ,1111 1

(11111111111111111111 11111 1111111 1111111111 1111111111111 11111.’.’ς1,11 ’1 ‘ 1,
,1111111111

21 11111111 111Θ1111111111111 11111111111111111111 11111111111111111111111111111 ,1
1111111111111111111111111111111111111111111111111111111 1111111 1111111111
11111111111111111111111,[1111111111111111111 · ’1
11111111111111111111111111111111 1111 1111111 ,1,
111111111111111111111111111111111 111,111111,11111111111
111111111111111111111111 11111111111111,11111111111111111111111111111111
11111111111111111111111111111111111111111111111111111111 11111111111111111111111111 111111, 1111 111111
(1111111111. Ex 1111 111111 11111111 11111111

1111111111-1111111

111111111111111111111111111111111111111111111111 11 ,1
111111111111111111111111111111111 111111 11111111 111 111
1111111111 1111111111 111 1111 111111 11111 1111111111 ,111

1111111,
11111111111115facile11111'11111111‘Mi

111111, 11111111 1111111111 11111
1111111111 11111 1111111
;ῑῖ”·.’1 1111111111 1111111

22 (11111111111111111ἶ 1111111 1111111111 11111
11111111111111111111111111111111111111111111,111111111111111111111
11111111111111 1111111 1111111111 1111 11 11111 ,1111111 1111111
1111111111111111 1111111111 1111111111111111 11111 11,
1111011111111,111111111111111 111111111111111 ,
1111111111111111111111111111111111111111111111111111111111111111, 11111 111111 1111

(1111111111), 11111111 1 1 1111 1111

11111111111111111111111111111111111 111111, 111111 1 ’1 ²
1111111111111111111111111111111111111111111 ,111 111
1111111111111181111111111 1111111111 1111 111
secari 1110111, 111111 11111111 11111 11111 111

 

