334 11111014411141011110111444 14411111111114111141114 111111111111111111111111] 313m333

11111441411)111111111111111 ,3
4444‘4'4411 413 ...1 3 3333
¹2441141111111‘113334·‚
111111111 4144411111,
11111111411111113
111

131113 1111111 411444411144444)

44011031101311011141141111114111111411 41) 41
01301411411114111111011141114'10111111411111111411111 14444 4444) 11141410111141 4) 444)
3114111111‚31101111.111411114-1111440101111111311114414 4144)) 4

44

1
4444444444)144144444444444144444444144)) 141111 ,4144 4444414411
14444.) 44441 44444444
4,

1441044444), 44444144)44104ι4444444114414111
111411111 11111111100111111110111111 44
141111411‚ 13111111114’44 ³411 444 4114114111144141441414111 41
0114111411-44 11011010411111111111111113114111111131114011141141113 3 141-,111111
11141101011311111111211341111111 44444144) 14 133

44110104 101111111111111001111111111 (11414 44) 4133 41111) 3333 3333 33
31141111113411111 4011111111 4111111144011411311111141411 111 11 1., 1· 414444)114))ι 4444))
4444) 3101· 1111114111114111411, 1314111141011 1444441414) 444· 4444114444 441144 1111 4444444444)
41411411 31‚04111 44141 134111411111311111111111114 1444411144] 4444)]

10 4111 1401141111101131 411111111411410411114441141011144-114111 4111111111114111411 13111114
101'11431041141141111 111114 111111, 111 414), 41111144) 41)) 44114414) :4111 41444414) 4444444414)
0111110413114ffiffi4-444w 11-‚410011111 1311 44444) 444444 414 4111 4))-..441 11111114111
1111111111113111111 1144111131111014411111131114 11‘341111314 4441444 44444441
4414144441) 011111111113041111114111111 1144444441) 44)) 1444441141) 11441144
101310111404, 4441411 1 114 1 41113 411111111111411111
11433101401111111 4444144441( 4414414444) 44444144) 14444444444444 ,41444444 441 4111414444). 1144144414)
4101111111111331111111111 4444( 414, 44 ²) 4141
1114141114111411133110144114441411114013311111411 11111144411 4144444444 41111113111113111111111
11011111111111044111414'44144111431111411111 4414414444) 1 41411110111311111111111114144 1111114
g111411114111 111411011111121243111144110111111414 11441 444144( 4444144 4414444 111141111 44)) 1 4444441
4111144444 4114444444) 4144144444) 44444 (4411444144) 44441444). 1311111 444114) (44111114).
4444441444), 13111434111111141111111101114 1444144444 (1414444444) 1441144411),

41.44111411101131103101111111143114111111111 4)) 41114444 4444444
311411111111111 441 1144414444) 4)) 41 ι 1444) ιιι) 114144111111414111111111111111
darum 441 g14du11111131111 111444111111111111111 4114411111111111114 4441444441)
series 11111111111111 4144414444) 1114 1144441444) 444.4 41 ιι) 111 444444) 444444) 411111)
4444144444) 0441444 ι) 4414144441444444444444 1441441411) 141111111141211444111111111111

Ἣιηω

1) 1118 (1111111111 111114) 14, Eum-1111 41344441444111114 11111111 111341141114111113 3111431 311411141 1131 144111
, imprimi* 15011514 1114414411 11113 41111111111141111111 1144444) 44444144, 44444) 1, 4441. 141 1111,

 

