00 00000000 000 00000 οΜ0 Μ 00000000οῑ0000000000000000 00

111

1001010000000100000000 00000111001000100000011000000ομ0

11000 000010010000000010100 0010 A 11 00000 0000000 0000000000

1111001, 0010010000101000000 000 0001000 A* 00000000010000000000110

11000010001000.100001000000000100 0010000 10011000 000100, AAAA
A 1

0101000,001000000101010 00100 00001000 AA 1

111111111011110111111111
Am 111 modo 0100001 00010 0001 00001010000110000 00010000

0000 0000110000 0010001000 0000
110 000 000000010001000;10000000]0 0000 10000 000 Aa 0010,

CA 111111 11 100111111- ’1111

11100000011000000100010000 000 A A 0000010010 00100000 00110000
1100000001010000100000 0010000 A 00011000

 

