250 55101115111111111151151151155151111111111111151111111( 1,5 55

..nm—...ww- ..ww-W

111111151551 5111111115151111111( 11115( 1111111111(1151111111111151
111111111151115111(1111111115111111511111111111111111111111111(1(1111111111111111
(1111111511111111120151111111151511511111111111111, , (11111111111111111111 1111111115

les suivans.

10 1111111111 (1115111111111115 (11111 1111111(1111111111511111111111111111,1115111155
’ (111111111511111111(1511111511151111111111111(1 1111115511111111111151111111(1111511111
(11111111111515111111111155151Η11111111111(11 1111111111111111111111111111111

(1111111115. 01111111111111111115115111 11 11111 (1( 11111111( 111111
1111111

(11151111111111111115111111115111111111111111111(11111111(11111111

1151111115111511111111115111111115111111111 1111 1111111 1111111 1111 1111( (11111, 11111
expressions, 1151111111111 1111111111 1111115111 11111 (11(1111151111111111 1111111111
(1111111511, 51 (15111111 111111 (1111111115Ί11111 115111111111111111111111111111
(1

111151151111111111111,111111511111111111111. 111111111111111*

1111111 1111111 1111111
1. 1κ11--1111-ν111111115111111111111ὶ
Π 1--11--1 5111111511 QQQQQ 55 „15 ,5551

1111111· (11111151 11 1111111515 (151 1511151115,“’1 151111 1111111111 1 111111 1111111 111115 111111 11115 11111
11-κ111- 1111151111111151111 1 ,1115 111 111 11111,

1111115551, 1111111 5111111151 151151111511111 11111111111111111511111111( 11111111 (1111111
(1111111111 111111 1111111111

111 (111 15115 ,15111 1111111 111111
’ 1 ²² ”“ 11111 “” 1451 1 m Q5 1 11 1 1 55⁹,

(1115 111 (111155 1111 1111 11 (5111111115 1111111 1111 (1111 1111111

5111511 1511111111*
ΜΓ 11511 111111»11Μ11 ----- 555 ,111

111111
Ι 111551511111111111(151151151111511115111111111511111·11111111111111111111111(
11πη11ψψ1111111111111111 111111 1111111511

55 1111116116 55 11 1111111111 1111 1111151111 111115511111151 1115151111( 111111
1111111111 (15- 555 511111 15111

-oeds 111111 11115711511111111 11111 ³³15 ‘55 111
11111πῆ 1 11111111151-11115111 5555 555 1111

 

