302 11 11111111 11111 111111 11111111111111111111111111111111111 J

1111111111111111111111111111111 1111111111 111111 11111 111111 11111111 1111 -
1111111111,111111111111111111111111111111111111111111111111111111111,1111111]]11]]]],.],,1
1111111111111111111111111111111111111111111111111111 1111 11111111 111111]
1111111111(1111111101111,1111111111111111111111111111111111111111(1111111111
maiorum. Huiusmodi 11111111 1111 1111111111111111 111111 11111111111111111 11111 ’
111111111111111111111111110111111111,11111111111111111.111111111111Μ]
1111111,11111111011111111111111111111111111111111111111111111 111 11111111 111111 111111·
11

111111111111111111111111111111111111111011111111111111 111111 1111111 1111111 1111 11111111
1111111111 Q 1111 1111·,111111 111111111111111 1111111111

7. (111111111111111111,111,1111111111111111111111 111111111- 1111111]
1111111111 summm 1111111111 11111111· 11111111 1111 111 1111111111 111 1111111111 111-]]]]
111111111111111111111111,1111111111111111111111111111111111111111 1111111111111 1111111111111,
1111111111111111111111111111111111111111 1111111 1111111111111111111
11111111111111111111111111111111111111111111111111111111111111111111»
11111111; 111111111111111111111111111111111111,111111111111 111111
111111111111111111111111111111111111 1111111111111111 1111111111111,1111111111]
1111111111 111111 11111111 11111111111111111111111, 1111111111 1111111111111111111111111111111111
111111110111111111111111111, 11111111 111 111 11111111 1111 111 1111111 111111 1111111111111111111, 1111111 1111 11111
111111111111111111111111111111111111111111111111111111111111111111111111111111111111111
’1111111111111111111111111111111111111111111111, 111111111111111111 11111
11111111111111111111111111111111111111111111111111111111, 11111111111111111
m 1.·111111 111 1111111111 111111 11111111111111111111 1,.1111

11 QQQ

QQQQ·1Q101

8. Q* 1111111111 11111 11111111 1111111 11111 11 11111111 1111111111 1111111 Q 111111· 11111111 Q 111

1111111111111111111111111111111111111111111111111111111111111111111111, 11111111111111111111111111111
summa 1111111111 1111111111 111111.

QQQQQQQQQ'QQ

11111131111111π1111111111111111111111111111111 1111111111,11111111
1 Q 1111 1111111111 111 primi. 11111 11111111

1111111

9ω111111

 

