753

11. 17-17-7--7

777. 17-17-17Ξ7,

77, s7-s1-s720,

17. 17-177-1177τ-7,

71. .f⁶“sf’”‘s4†s1=⁰7

777. 17--17-7177177μο, 17 Ξ1771717 7
777. 777.

, 77 g7'7 771771 777777777717777 7710711:

7771777777 777777- 777-77 7777777777

7171777 7777777771·

1177771171-1111111-21--1177--171--1117-111- 1177-12 111117-1171-

71771 1171777771711711771717701 ’777177117777177171 71777777 017771171 77 qui 7777177717 171
7771777 1771777711 1777777777 1777 7107771 777 7707 77177777 77717777 717 7777777117777777.
07177177717777 (177 1ig7701 71 17 77717777 717177177071111 077 (177 7777717777

1,2,17,1,12,,11712011107151011777

077 7717 777771, 1777· 077 77717 717777 (17 7777777, 177 77177777777777771, 177777 177777
07 17 1777777 17 1777777111,7 771177 7777771777 777 7777 171777 17 7777771777 77 77777777, 77
qui17770i7p7711777717777117717717777717‘7717177717770717777171107101777707771-
71171717,777q770 71777'71777'7 1177077171110'717‘71077777 717777 717‘1770171777771017 1777177117 71, 777 1717-
7777 1771 170777777777 77 17777 7717717777 71777177 1771· 17 1777777 17177777 717177-
7777771777 777717 71777 7171 do7pliq7177

7) 171717 7717777177 177. 77 01 77177777. 711.

 

