28 1011111011011111111111111111111111111111111111111110 [11οω00
1111111111 111 11111111111, 1111111 1111111111) in 0111111111 11 11111111,
1111111 0111111111. Regula 111131 111 11 1111111 33 1111111111111111 11111111 111111»
1111 per 541 3333 11 1111111111 11111111 1111 5 divisi q, 111111 3 111111111-
1111 111 541 11 3 per 5² horumque 1111111111 1111111111 133 3²43 1111-
33333 3305 111111 11111 1111311111, 1111111111111 1111 1111111111 1111111111
1111111111111111111111111111111111111111111111111,111111111111111111 11111
enim 11111111· 5345 41)q‚ quod per 3 45 divisum 1111111111 minimum
numerum (1111311111.

19. Interim 111111 1111111 111111 minimus 111111111111111111111111111111111
’ 11111111 modo: 1111111111, 1111111 1111111111 11111111 1111111111 1111 5 1111111,
multiplicetur 333 541 3335313333 1111111 11 1111111111 1111111111 1111111. 3, 1333
11 343, 11111 1111111111 1111111 11 1111111 3, 1111 11 1111111111 11111111
quaesibi per 541 1111111111, 11111 11 1; 11 11, quod 111111, 1111111 <1 3 4 3,
3333 11 3333 11111111 1111111111, 1111111111111 >5²45 111111111111 5³45
eritque residuum 11111111 1111111111. 11111 1111111111 1111111111, 1111111100
11111111111111111511111101 11111111 31; 1111 1111111 10100 11 11111111 11
75'13101 111 1575,111111111111611,11111111111111111111111 11 3733 100

11113100;111111111111971; 1111111010011111111111, 11111111 3875, qui 335
minimus numerus 1111111111

,10 3 1111111 3 11111111, 1111 1333 5 1111111 1111111111 q 11 1111 3541
11111111 3, 1111 1111111 3===1 353313 11111111 1111111111

“ 1π11-11ω11-111-111ω (3541)q—- -335

⁷ v35 3= 3541 11111 11111111 11111111 11111111111111 1111111111111 11 1111
” ’1111111 111 33 435 433 341)q3 353, 11 qua 1111111 pro m 1111111111-
Ἰ,11111111 111111111111111111 1111111113 1111111111, 11 11111111111111111111111
’ 11111· 1111 1111111111 11111111 1111111111

1111111111, quo 1111111111 11 q, 3333 11111111 111
11- ¹333353533 1111111111 1111,1111111111111 11111111
1111111 1ωο 11111111 1111111111 1111111111 quaemus

”” ’ 33 303 0111111111 1111111111, 1111311111 1111111

1111111111,11111113111141 1111 33 ‘v

 

