11111 17111 11211Ιὸ 44444410443141444

1111111111 11110111111 1111111
2222111 11 22211

1111111111111111 111111111191111(11111111120111111101111111121

44444442444441
31. 444 111111 14 1111111111
11 3 · 4 4 4 4 111111111111111111,
1 1· 4 44 1 1111 11111111 11111111,
444 44 4444 7111 1111111111 primus.

,11111 11911 111111111111111111111 1111111111

2221 44 44 22 71111111 220 111 284,

qui 11111 1111111111 11111111111111111 111111111111111111.

11211Μ12ζ112Μ 2
’12 1111111 44444414444 2214 444 22211116 1111111

1111 444 4 4 44 1111111111 primus,
4 4³14 4414 4441 1111111111 1111111,

1 111 ’111711 1111111111 1111 11111111

4
11111111111111111 11111111 11111111 1111111111111 11111111,

11121111211111 3
211 1111 1111 2221111111 111111

4 231111 111111,

l
44 4 1171111111 1111,
1 11 111111111111111

1911111 11111111 1111111

22111 11 2²441 1111 7296 01 18416.

11 21111 (21111111111111111111 4444 1111111111111111111. 11

 

