1101111110 Ε1111111111111Ξ 1111111112

Quicunque ergo 1111111111111111111111111111 1111 1111111111 111111 11111 11111111111111111111Ξ
111111,1111ο1111111111111111111111111111 111 1111111· unffi

w( 22221 221121
111 111
1111111111111111111111111111111 1111111111 1111 1111111111 11111 1111111 111111111111111 11111-

1111111111111111, 111111 11111111111111111111111111111111 1111111111 1111111111 1111111111 1111112
1111111111131111ἶ1111111111111111111111111111111111111111111111111111111111111

poue 11111111

9.101101111111111111111111111111111111111 1111111111 111111 1111111 11111111 1111111111111
1111111111111111111111111111111111111111111111111111111111111111111.11111111111111111111
111111111111111111811111111111111111111111111 1111111 111111 1111111 1111111111

1111) Ε Q 221,
u w 11··’ 1

&aa

1111 111 111

1’11111111 111

Novimus 1111111111 nubum quinarii 1111 hou 1111111111 11111111111111111 qunque 11111111
uere 1111111111, 111111111111111111), 11111 111111

·1111Ε11

1111111111111111111111011111111 111111 1111111111111. 11111111111111111111111111111111111
1011111111,11111111111111111111111111111111111111111111111

1111111111 111

1111111111 111 a &Q 99

’1111111111 111111211213111111111 1111111111111 1111111111 1111111 11111111. 111111 111111 uh
1111111 1111111101 u 111 11 1111111111 11111111 1111111111 1111111 1111111 1111111111 1111111111111111 111
1111111111111111111111111111111111 111111111111111111111111111111111,11111111111111111
1111111111111111111111111111111111111111111111111111111 1111111111 111121
1111111111111111111 11111111 hic 11111111 11113 11111 11. 111111 1111111111

1)1111111111111111111111111111111111111111111111111111111111111111111
1) 1111111 huuc 1111111111 1111111111 11111111 1111111111 11· ”
1111111111. 111111111111111111111111111111111 9³9 19³9 11111 1111· 111
prior 111111 (ξ 29) 111111111111111111111 1111111111 1111, 111 1111111111 1 »
11111111 111 1111111111. P. 1, 8111111111,11.11;11111 umam 9 1111111 11111111 1111111111 11111111 „Nun
11111 nanu neguui9 11111111111111111111 1111111111111 1111 1111111111 11111111 1111111 11111111 111 111111 11111111 11111111ἰί
uum 11111111 nun 1111111111. 1111,

 

