333 411111114111141114111144 1411 33333 333113 4111 31 111 11111111111111 [44

p44 31333131 ,3333311131 1411 1441111111111111l1141111111441444441411111 414 11311133133333313,
1114 33333, 111141114441 411 411111111

4w44wffifflw

111 1441 1410 41011 03333333 (1111333311333 1331313 11133333 1333313333 1311313 3313131 333333
1141 14411141111 11111441 S411114111 44114114141114411 ’1 ¹14141111 3331333333

211 1 3444* 211, 3111- 1111 13-11 1113111311

1144441114144144144114114444411,1444414441 133131 111313 13 133 01)
eandem 414404111111 11114141144 33133 q 1111111 3331313333 3331333311,Θῖ
4333131 44411114 1111 (1331333333 31133 3333111111 444 4141111 131311333311113 111
3333131 011111411144414111 4111 4111111144 114 4411 333113 1113113313 23 3331
3121311123] gop1111141111111111411443111111114144114
biles, 33 (1110VlSl 1144 (Ἣ333333113311133 3333 1144 141 3113111133 41114144114144
11331 3333311

1144 313331 3333331 3133311113, 33131311111333133133333 1333133133333333333333
111
141

4414 3133133 111411111 4114
4411144141411,11114‚

4. 1130 313 1133133 1441141111144444111144 111444411
1111333331 333 0331133 31233 111111111144444 41 ‘2³11 --1 1 13333133

111114
ab 1311133 144144114111, 33313333 1141144 33333313, 111 111111 1111 33333ι ῘῙ,333 3133333 3111111ἶ
4

41111441111 1114 4333111 31313 33333 11
Sin 33313333 33133331 4411111144141111 31ὶμῖ '

133133 1111 1441

2:1411111 41441 4114 11

4444 33333333 4444 3313311, 1441 11111 3313 23--

inde deduximus, (33333133 441 133Ξ113ι3,

mas, 3313113311 1,--1111133333 11 1331313
quidem, 11411111141141114111111111411114111 313-133-

3333333333 13113133- 1111 1144111 1411111111111 3131ἱῃ 111411111

3333333310 444414141114114111 444411114114411114441111114 313 11111114-111 41
14110411411 111111141440111111

1. 11104444111444114141111414411441 444111114411144414 3311331111]
3333331311 3113133333 4414111414414114441114441141141111414444

wwwwwm„fflww

 

