4114 44144144104444 444444441444144114 ⁸ 4* 157

4411 per .
1 mmm-44 ‘ww ,4444 , 444 ,4,44,,,,4444·44 44444

4444 4 4444 4 44444 Η 4444 4214744411'4444411454442404 <4414
*44⁰⁶* 4144 444444 ,4444 ,4444 ψῧχῃῖι44444442444·44ω1()4344«4444444,
4 44⁰⁰ ,4 444 ,4 44444 44 44445 4-4 ,4444 4,-4- 444444 444 24444 4, 444²* 4 124444 444 4444.
... 44444 4- 4¹¹⁸ μ 244444 44- 344444 4144 2444444 44444 104444 , = 434444 = 4441³¹²³ (1441.

444,
441111 prodire de44411'4 41140411144. 14444 44444441144444 444144

44444 444) ...(4 ‘24441444'4 4444-- 4 44 4 444 ’4³ 4,),
44 4,, ,44444444 , ,

1441414111144441411441 4044144414 44414444144444414144414414414 :414411 444 1444 4444114'444411444 41114 4441-
44404 14444141414110141111411‘2, ’,4 4, 4444 441. 44444444 41144 14444

43 41440414 4 4 24444 41411141114114 4414141441141 44411'14114411114414141 44444444 4444,
14114441414

1414 4 4, 44 441 4 4 4 41 4- 1114 44 4444 4 444,

usque 441 414411144111114144444444414 44414444, 44441144444⁴ 41444 444414 444 44141444444444444
sp( 4 444) 41141144 011141414144 41411414441144011114144 4444 141444 444 4441414441441 4444414111 44444 444
’4414444444 44444444444444) 1111414 14411114 4444 4144 41 4 4414

 

