4444 ,4444444444 ,444444444444444

44 4444444-4 44 4Μ 4444444444 444 4

4 4³

,ι

Hic 4444111 4444444444444 44444 44444 4444444 44444 4444444444. 444444 44 444
ob 444444. 444ς 4441111 14 (ὣς 144,t 444 4³ ’44 == 4 4444444444444 44444. 444444
wau-*4144 44

4444444 4444 4444 44444444 444444 44444

44 44 4444444 44444444

[4444444 4444444 44444 44444 444444 4444444444 4444

4444 44 444 4444 ”
44444444 4444 444444444444 44444

4444444444 3444144444 4444444 ’.4

44444444 4444244444,

4 44444 4 4414 4444444444 44444444
4441444444, 444 44441 4444 44

44 »444 ’ ,Γ

4 44444444 444 444 44444444 44 4444444444
4444444 4444 444444 4444 4444 4444

4 444444 ,¹4 444 4444444 44444444 44 44 4444444444,
144444111 4444444441 4444444444 4444 144 44

Δ 4144 4444
4444444444

 

