3333 111111111111111111111111111111111111111111111 1 1,11,,11
1111111111 111111111111111 1111111111· 1,,111 1111 11111111
1111111111111111111111 11,11,1, 1111
11111111,111111111-1-1111 11111111

111111
11111111111111 1111111

55 11111111 1111113 3 333 333 33333333 333 33 11111111111111,,1111111111

11111111111111 3 11111 11111111111111111

0111111111 111 1111·”
111133--1 11131111 111 1111111
31333331333 11111 11111 1111 11111 1111
, 111111111111111-11111111111111-1111111

1111111111 11111 1 1111111111
1111311118111111 11111111 111 33 3
3333333103313 1111111 1111111111 111 3333
proa

1 1111111 1 33 1111111

’ῑ11111., 111111
1111111111 3 111 111111111111111111111

ι,

33333333333 3

181111311- 1111 1111111 1111111111
1111111111 11111, 11111111 1111111111 111 33 3 11111

11111111 11111, 111 33 33
11111111. 31111111111111111111111111111 31

111111 33²3 111111 1111111

3331333313, 31 11,1331,111,13, 1111111111

113

331333333333 3

58. 81 11111 numeri 1111111 11111 3333

33333333 1111111111 (1111111111,
1111111111 11111111 3331313353333

 

