141101141111111 41 11 Μ Μ) 2)) 22222

42 22 22) 22222222 22222222) 2222)) W 2222222 2222222222 -
2222222 22, 2222222222 22222 141 2,). ’2322 2 222”’)” 22222222 2222222222, ,22
2222222222 222222) 22 222222) 141141 22222222)

11111111111414114111

Primo111444111144111111141411111 ’ 114144111 ) 2 44142412112
1222222222) 222 (2222222222) 2222)) 2222 2222)) 1111114441‘441 141114 2222) WW 222222)
’ paruumerump1111111121441q4111441144114442 2222222) 2)
11111440111111111 114 2222))222222222222 2))) 22)-2) 2))2)
2222222222 W 2) 22 0111111 1411 2)), 2222)) 22))22 2 222) 2222) 44
40111111 22 ’22 22))ὃ2) 222222) 2) 1222)
2222222221, a, 22222 114111411141411111114 11 2222)) 22))12)
4111, q11414111411 1122222222 2222)) 2222) 222222) 2222))2) 2222))
2222222> 141111141101410 2222,- ,2222) 2222222222 2) 2) 22)) 22))
2222222222) 14141441140111111114444444111perp411444141 22))22 1114 41
1111411 222222) 2222222222),2) , 2222222) 2)), 144144111111111111 22))
2)»-222222 22222) 222) 1141114144114v 222222) 4111144111 222222) 4422 ,32
141<p1141144q111 22222222222222212, 2222)) 2)) 21))2) 2)) 222122
1, 4, 9, 11, 22 22) 2222222222) 1114111111111 2212222122) 2222) 2) 4111
2222222222,

44
1414 2),
442414
M&

4444414

{4
2
11

(1111411 11411111 2

¹ 43. Nu1neru1114g441111011111114111141411141111 4441141111m4114311111 414114141111
quadratorum W 11111111111111 11141111111111 2 4414· 14114 2)) 44 2222))
114111014411411111 114111111 222)))2)))2)))))))2)))))))2,))2)222) 11411111114141111
non 411411141104411111111111 2,

2222222222 2

44 Oumnum11114011111411111 1111111 2222).) 2222)) Μ’) 2))
14124-414424, 1144444141111111111111‘111111 2 ’ '
duorum 1, α, 22, 2, 222) 2222222222 2222222222) 4 2))

, 2222222222) 222222) 1101114414110111111 4441 41. 1141
non 2222222222) 4441111 2)) q 1141114141 22222 :34

 

