1 150 1111 1111111111 1111111111111111

Nunc 44 11--111-11 4144 ‘w

b fa 11111
Θ

1-1--111 -111, 11 1111 1111

110111111111 1111111111 1111111 11111 111 1444 4441114 11111111 4444 11111111
1111111111-31, 111111111111111111

1 1111111 Bm 1111- 11
44444444 4 11--

:4 1- 4 1- 111111, 111 - 1 :4444 1 ’ ’

11

11111111111111111111111111111111111 11111111 1111 4444 1111111111 44 1111111111

1111 1111 1111111111 111111

111
111111111111111111111111111111111111111111111111111 111
’ (111111111111111111111111111111 11111

1111111 1111121111 1111 ’3
1 11111111
[31 '444-41

11111 1---11--1Ι 1111111111 1111111111 11111111 111111 11111111 11-

1111- 111911 44 811 4 1111111111

1 1-1 11111 4

 

