'115 555115155 55151‘51515111115

1111111111 1

115,·1118111111,1111,111111111111
M 1111111111111111111111111111

19131111 1Μ M 11111111 v· ῑΜ
em 5 11111 111· ί
11 5555 >55 1111111
55 52253 1111 J
,1 ‚ 1111111
{sm} M

M 11111111111111111 5555 1111111111112111 M1= 115 1 M11=51 1111111 11111111 1111111111
12011 1111 5501· 1111 5 5511: 1111111,

1. 50115515 5505 5 11111111 55.

5 111111
M fi5¹5 1111111111, 111 1111 40oe
11

M* ’1111111
,11127119 111

11 1111111111 111 1111111111
1111111111] 1111111111111111111111111111111111 551 5 111 5 5515 5555
11 1111111111 5 11111111 1111111111 13 555

5 11111111
fMQ ἢ’11

11111111011111111111111111111111111 51, 1111111111111111.

Ac 115 11111111 11111 1155110 151111111515551551 1155155515 1M
1155 11111111 11111111111111

131 051551 Msff 35:22³ 1111111111 1111111111 1111 11111,

1111111 111111 11111 11

1 1111111111ἓῆ1 55
„mmm ,1111111111 11, ,,

11 0111111111111 1111111111 551 11115151515151511551111515 1111 5 5155515155 111 5 5

 

