18 Probl5515 1111111111 55 111111 11 11,1 111 1111111111 11111 111111111111 1111111111,
qu] 1111111 11111111 1111111 111111 1 111111 1111111111 555 1111111111
ipsorum 1111110111]

111111111111111111111 )

55:5555 555 555555555 5 1111 111 5555
s5m555 555 [11111 1111

111111101111111111111111 11 111 55 1 1 ³155
1111111111 1111111111111111111 11111111 5555 ‘ ¹ ¹ ι

1111111111 1

20 555 1111111111 5555555555 11111111111111111 11 1 11111111
155 111111111111111111 11111111 55 111 11 1111111111 111 11111111 111
11111111111111111111111111111111111111111111111111111111111111111 11111 1111
11111 5555 1111 1111111.

5555 111 1111111111 11111111 24
1111111111 1111111111 555 111111
1111111111] J 1111111
Ob 1111111 111111 1111111111 11111111 ,
5555 indole 11111111 11111111 11 111 , ,1 ;
· 5555553 111111111111111111 11111111 11 111 1111 ” ‘ ⁴²
111111111111111111 11
111111111111111111111111111 11
5055155 501555155555 11111111

mma-›nmmummmmmv

5) 111111 111111111111111 1111111111111111 53 535

 

