00-035 055157111011511111111110111111111110100151111110111505 151

11111111111111111 111 111111 1111111111111111

(1100v⁴²⁴⁴¹3,“³⁴)⁴)²5⁴⁶⁶⁴⁴5⁴⁴5⁴³55⁴1⁴& 2 ..111-

111 commodius

0155 m (11- 550 5 5 ’ - 555-15

11 15111151105115051150055111115110115551105 11111111111 11, 11, 0 550. 501111505115111·‚
51015110 7100 1111111111 1111111111 1111111111.

55. 1111111111111111111111111111111111111111111111111111111111-1111
511111151105111, 1551515 1505 111111515111111111151115 50 111 505155111 1111111 5151555 5115
1111111111 111111 1511111115 1115 15510151111 151101 0115. 11111 1111 1111111111 111 5111115 5110-
5150101111111151111511 05 11111111, 1111111111111,1111111111111111111111111
11111111111111111111111111111111111111 1111111111 1111111 1111111 [1111111111
1111111111111111111111111 1111111111. 131111111111111111111111111111111
8941 1111111111 1( 555, 151105111151110155517120m135101515151550115111511·0151101
111111111)(1111111111111111111 3111111. 111111111111111111111111111111
111111015110151111111011155 11111111111111111111111 1111111111111111111

1111111111 111111 511-51151101 15111017151111111101115 111- ,115110151101 q11555 5151
111111111111111 1111111111 11111111 1551

1, 3, 3,.4, 0, 51.
55 ’111111111111111111111111111111111111111111111, 111111111-

(111111111111111111111110111111111111111111101111111111111. 0111111111 11111111
hoc 1551 11111111 510511111511011110511111

(1 0551 5⁴55 m 11⁴) (1 m 11⁴) (1 m 11⁵) 050,

11 5101 5511155111151115555 5051 0101105111, 511500515 111111 1111111

1 m 11 11⁴ 5 1ᾖ 5 11⁴ 11⁴⁴ n·- 11¹⁴ -1 11⁴⁴ -5 1111113- 11⁴⁰ 1 11⁴1 -5 111. 1),

1) 1555 1555, 1511110 1151110 1111111111 511111111511101110011111151155510115158 (0151550. 5551.
1151), 1111111111 5155 111 711111111011111151510011111511555101115115 111,151,243,211 (111 111111-
111111 1111111111111 1111111) 1100 1011 11 11111111 11111111111111 (11111 1111111 p. 163) invenitur, 11
magis 1111111111, 111111 101111115151111, 1111111111 11111111111111111111111111111111111, quas 1111111

 

