mg 00000000000000001000000100001 01

mmmm·

(1011111 1111111111 N

43 Quanquam 0111010111 111101011110011111111111110 1111101111111111111111111111 1111111011
1111010110101011110011110110011101111111001011101100001111110111,,ἱιιὲιω
4000110100011,011]1111101111001110111011111111011111111011110 1111 1111111 1111111111 111 duo
0001110100 1111011 resolubilis. 81001 i 11 011-0111101110, fnum

ΞξΞΞΞ,10001101110110111111111100110000111111111111111111111110111111111111111101

Nmpe-3« 4 4

1, ,1,Ξ, 101110110011111111110101111111111 111111 1111111110

1101111001 1011111111 0111100101] 0111111011, 11111111001111111 N 1111011101οὓ
esse 1111101 2111011101 1101011. 111111 11111 1111111111111110
01 1110111111 10111000 0000101010100111111001111111111111001111111111101111111111 1
01 0000100111) 1101111111 0111111111 ’0111011111 11111110 1111111101 1111111 11111111 11011111
0110111111 010010101001 01 1100010111 0101011111 101101· 10111100

PNONNNNN

44. 111111111111111110001100011011111111100100100111111110
necne.

NNNN

Ρο101101011011011111010001100011110011110111 1111110010010111 011101110010111101110,
uirum induo 0110111010 1000111111111001111 100110, 01111 111 11101111 111 11111 1111111101 mdo
resolutio 0110001101. N 0111111 10001011110001 10110111 11101111 111011011111111110111011
id 1101· §32 00111101 010101111110010111101011101110101111110 1111111111
01100101 haee 0000111110 011 11010011101100 11011 001110 Ἱΐ1101· 1111110111 110 11001101
Hoc 0111110111 00011 110 01110 1111100110001111111 0011010011 111111 001111
11001110 011111 0111001000111110011011010 10111100 4010001110 01 1101110110
10011110110000011010004111ῂ1 10 0011011 1111111 111 1110101011001111 1101
01 0111110100 010000110010110100 1110110 0111111 1111011 11110111 0111 1101111 11110111
1010111101111011111110011110110011111 11111 0010111 01011011111011110111010
0110001101, 111111 0011001001 1101011110ιο 0011 0010 1111 1111110, 0011 01101110
1111110100101010001111010011111101114011100010101010011 11011110 011
00010001101111001011110 0110111010 Nn 1111101101 0111 1100011 1111110

Ν1111101110111οροο11110 1100111011οΙ N 1 1011110 0011

:N ’1, 1101 ,111 N 00111101
0001050011111101110001110011101111100101

1101 mi 0001100101 01 01111001

 

