11ᾳῖ118]11111111111111111111111111111111 333 303333333310331333 187

111111111111111 11 11 1111111111 p333333333 1111111111, quibus 3333
3 ει (3 1 111111 1 1111111 11111111 1 1141) 111,
3 a (3 *- 111111 - 1121111 - 1151) (1 —- 3343) 111.

111 11111, 111111 11111111 hinc 11111111ἒε-11111111121111111111 111 111, 11
33333333333133 3333 p3ogre3si 0333 3303333333333 333 331 1111111111 1111111111111111·

1-2 m -111111111215411111111411111

141111111111111111111..

1..,1111“Ῑ14“1111151111411111111,

W m 1 1 1111111111 1 313³ 1 111414· 1 111.

111.

Ρ111111111111111-1111111111111111111111111111111111111,

’ 110,11111111111111111111111111111111111110111111111111111111111111111
Ι. 11111111115111 333-333,

3333 111 1111111111) 1111111111 omnes 1111111111 13333333333 303331333333333 singulas
1111· 11111111111111 11 3333333131333333

13. 1111111 1111111111211113111111111411111115 1 111,

1111 3333 111 (11111111 1111 1111111111 11111111 33 3033333333 111 1111111111 1111111111, 11111
1111111111111111101111111111111111111111111111111111111111111111111111
1111111111 3133 11111. 330 30333333 1111 118 1111111111 1111, 3333 8 33333303· modis 1112
1333333 1111111111

33333, 33333, 32:333, 3=3÷3
ΙΙΙ. 111111111121111311141111511711111,

111 3333 333333333 1303333333 ipsius 33 1111111111 111 1111111111 1111111111, 111111 variis
111

 

