55 55555555 5555 55

555505553 555³ 555
5155555555 5555155555555
5055 515515 555 5555 555, :³555

1555 555 55 ¹ *¹
555555 55 555

5 555 5 5
5555 155 5 55555 5555555 55555555 55555

5555555555 55555 555555
55555 5555 555 555551
555 1555 55
555555 5555 55 555 5, v1
5551 5555 55555555,
55555555 555555 555
5515 555555555555 5
5555 55555 5555

Α ῖ

5

55 55 5551
55 55 5555 5555*
55555 5555 5 5555 5
55 555 5555155555

55555555 555 5 5

5555555555 555 5555

555555 5555 5

“ 5555555555 555555 5

5555 5555555555 , ,,
5555555555, ,5555 5 ,. ,,

5) 555 5555 5555 55 55 551 55 555

 

