16611661 666 66666666666 XX ·

mmm-..mmmmm--wmmmu -ω-ηωωῃιω-Μωηωψ-,ΜἫ-ΜΜΝΜΜηΜΜΜᾙΜΜω-υωηψψωω

161 616111 166 116661116161161. 161 161661 (116 Summe 6116161 Quadrata, 1116161161 61611 prim
6161, 161611 6166 Ζ6111616111161, 66111111 61611 61616 6166 661616 Summe 6111κ1) 22² augebam,
die 66611 161611 p 16111161 161. 11111 Η11116116661 811166 6616661 116666 66 1616 1116111666
1166611616, 1611 116 Summe 6116161 116611611611166, 1166616161611 prim sind, 1161666 11111661 v
66111111, 161616111 6611161 166166666161116611616161. Die 11611616111111666,1 61116161 61611 auf

116 1116111616 16166116616116166 Abnahme, 166 1161661166 61111 116 1166161161.

01116111 6116116666 16 1611111116611666134 1161116666 116116, 1611 116 Summe 6116161
(16611616, 116 66161 61611 1111616161, 661161 161 zahl 2 661 Ρ1116161116166 161 Form 4611
6611111, 66 1161 161611 16611 66611 1116111 1161116666, 1611 66611 6666161111 jede Ρ116166111 161
ι,116116 4611 161161 61661 66161161 116611616616616 6616 1611666. 11611161 -— 661116 66 1611611611
6616, 166 66 1161161666, 66 1111166611 dem 16161616666666666 6161111666 1166611616 66611161
1611111616, 166 11116161 61166 Β611616 66666661661666 1616 6661611611, 1611 16161116661114611
6611161 Summe 6116161 16611616 6611111666 11116116 6666611111611 1161116 61161 166166 1616616 11616
616661 6666166166 11616616 66611 616111 66116666. 1161661116 kam 61 bei 6616661 1611161666
16666616116616 dem Ζ1616 6611166116. 116161 da 116611 1616161 1111 je 61161Ζ611166 6 661 b,
116 616111 6611161 161611 p ε 46 1 1 16111161 61111, aff* 1)4η π (aff ψ1111) (6111111) 11111611 p
1611161 6616 111611, 6ο 6661161 66, 61161 6616116 71611166 66 6161111616, 1111 116 am ---«1)11 1616116
1116111 16111661 161. 111111166616611 1666 611111111616116 16111161 6616 1161 1661116161, 1611 p 616
161161 61661 1111611616616166 661161 61116 (1116116166111166161. 116166 1161 61161 1116166661, 1611
66 1111 161611111616111 11611 6616116 Ζ611166 6611111 geben 1611666, 61 61111611 61161 61166,
616611 611616161111611616 161111616111616166 611 11116666.

1611611161 61 61611 1666 6161611111666(1611111161611666 2211 661116666166111 6161111661161
Art und 16116161 (116 beiden 111161 ’1116116 61611 6166 66614611 1161 6616166 6166166 1111ἦ
616 summa von 61161 (1116116166, 116 61116161611 prim 61611, 1616161166 111111, 16661616166161161
eine 1111666111, 11666 61611 6161616616111 6111 11161 1616111616661116616 11161 1166111616 auf-
111666 16111, 16116 161 616 6161161 666666666666161. Hieran 6611116166 61611 616166 1111611 11116 611661*
16111166 1116116666 66666661616616661161611 1161661616 111661116116116616666616166111111611161
11111666, ob 6166 zahl 1611, 161 116116 1611 prim 6616161616111. 1111116611116111 116666
1161161, 1161611 6161611161611161666 6616161161166 666661111611661661 11661661116666 zu·
116166166166111116166616116111661611116161. In 161 161 6111611611 66166 Μ6111616 66611 61661
61661666 8611161166 11111 6111116666 61616616161611.

616 11166116611666 228 1111161116 1158 1161116611 6166111611, 1161111666 6611611 6611 ¹
6666 1611166 116 11661166 166 66611 16116616611611616661) 1116 6111661666 241, 1161116 66111111,-

,,,Μ»ψημωηηωψ»6ηιααηονμκ

1) 111616116161661116661 11328. 1116166666166616166111611111666295 11116161161661166, 1
1611 161116611666 22ss 661166 1611749 661 61166661166111166116662411611750 16116111 1161166 1611

16616661161661066166611161106666611116666611116611661 ’ ’ ” · d '¹ ¹ ‘¹

 

